     0/299        0G    0.1161   0.03671   0.02958    0.1824         6       640  0.007752       0.4  0.007893  0.001269   0.05994   0.02837   0.02263
     1/299        0G     0.105   0.03328   0.02858    0.1669         2       640   0.01146       0.4   0.01231  0.001557   0.05674   0.02508   0.02306
     2/299        0G    0.1054   0.03402   0.02887    0.1683         6       640   0.01883    0.3667   0.01346  0.002053    0.0494   0.02304    0.0233
     3/299        0G    0.1016   0.03417   0.02729     0.163         8       640   0.01363    0.6667   0.01336  0.002158   0.04258   0.02163   0.02382
     4/299        0G   0.09754   0.03308   0.02706    0.1577         8       640   0.01758       0.4   0.01953  0.003783    0.0416   0.01986   0.02427
     5/299        0G   0.09035   0.03147   0.02501    0.1468         5       640   0.02869       0.4   0.03088  0.009424   0.03889   0.01852   0.02366
     6/299        0G   0.09126    0.0303    0.0247    0.1463         7       640   0.06145    0.3651   0.07383   0.02241   0.03624   0.01747   0.02358
     7/299        0G   0.08512   0.02991   0.02265    0.1377        10       640         1    0.2959    0.3791     0.152   0.03231   0.01631   0.02427
     8/299        0G   0.08181   0.03123   0.02313    0.1362         4       640    0.9951       0.4    0.5189    0.2403    0.0296   0.01545   0.02495
     9/299        0G   0.07845   0.03143    0.0192    0.1291         5       640    0.9998       0.5    0.5962    0.3623   0.02839   0.01402   0.02559
    10/299        0G   0.07083   0.02986   0.01823    0.1189         2       640     0.915       0.5    0.6068    0.3446   0.02788   0.01269   0.02658
    11/299        0G    0.0729   0.02759   0.01836    0.1188         6       640    0.3211    0.8333    0.6151    0.4113   0.03002    0.0118   0.02372
    12/299        0G   0.06968   0.02824   0.01689    0.1148         2       640    0.4137    0.8333    0.6643    0.5014   0.02598   0.01093   0.02325
    13/299        0G    0.0721   0.03104   0.01636    0.1195         6       640     0.679    0.8308    0.8185    0.5633     0.027   0.01004   0.02284
    14/299        0G   0.07029   0.02776   0.01574    0.1138         4       640    0.6704      0.83    0.8075    0.4948   0.02705  0.009419   0.02383
    15/299        0G   0.06553   0.02486   0.01572    0.1061         3       640    0.6662     0.831     0.745    0.3626   0.02684  0.009017   0.02227
    16/299        0G   0.06732   0.02843   0.01561    0.1114         5       640    0.6697    0.8333    0.8009    0.5391   0.02713  0.008695   0.01994
    17/299        0G   0.06133   0.02459   0.01275   0.09867         4       640    0.7071    0.8333    0.8108    0.5431   0.02746  0.008244   0.02156
    18/299        0G   0.06596   0.02299   0.01337    0.1023         4       640    0.6175    0.8294    0.7373    0.4277   0.03138  0.007919     0.022
    19/299        0G   0.06812   0.02572   0.01281    0.1067         9       640    0.6416    0.8333    0.7797    0.5296   0.02617  0.008038   0.02018
    20/299        0G    0.0617   0.02409   0.01292    0.0987         4       640    0.6753    0.8333     0.819     0.564    0.0248  0.007983   0.01708
    21/299        0G    0.0617   0.02198   0.01106   0.09475         4       640    0.6394    0.8302    0.7582    0.3839   0.02947  0.007799   0.01587
    22/299        0G   0.06485   0.02629   0.01088     0.102         7       640    0.6381    0.8333     0.801    0.4568   0.02992  0.007553   0.01668
    23/299        0G   0.06334   0.02608   0.01122    0.1006         4       640    0.6604    0.8301    0.8361    0.5196   0.02805  0.007199   0.01824
    24/299        0G   0.06483   0.02673   0.01099    0.1026         8       640    0.6899    0.8171    0.8401    0.5291   0.03021  0.007186   0.01873
    25/299        0G   0.06116   0.02286   0.01035   0.09437         4       640    0.7006    0.8312     0.822    0.3178   0.03976  0.007167    0.0171
    26/299        0G   0.05813   0.02006  0.008792   0.08699         7       640    0.6924    0.8333    0.7436    0.4238   0.03614  0.007731   0.01101
    27/299        0G   0.06212   0.02312  0.008998   0.09424         8       640    0.7215    0.8333    0.8378    0.5178   0.02543  0.007496   0.01101
    28/299        0G   0.06379   0.02593   0.00886   0.09858         9       640    0.7686    0.8333    0.8477     0.423   0.02665  0.006906   0.01408
    29/299        0G    0.0614   0.02735  0.007007   0.09575        11       640    0.7458    0.8298    0.7582    0.3809   0.03933  0.006766  0.007814
    30/299        0G   0.05839   0.01997  0.008424   0.08678         5       640    0.6473    0.8333     0.749    0.3888    0.0342  0.007064  0.007815
    31/299        0G   0.06393   0.02497  0.006393   0.09529         7       640    0.7105    0.8333    0.7826    0.5531   0.03271  0.007026  0.007182
    32/299        0G   0.06241   0.02365  0.006861   0.09292         9       640    0.6767    0.8333    0.8304    0.4575   0.03089  0.006936   0.01258
    33/299        0G   0.06707    0.0229    0.0061   0.09607         9       640    0.7271    0.8182    0.8591    0.5322   0.03026  0.006654   0.01086
    34/299        0G   0.06036   0.02108   0.00654   0.08798         8       640     0.748    0.8333    0.8474    0.4844   0.02615   0.00681  0.006882
    35/299        0G    0.0599   0.02152  0.005399   0.08683         3       640    0.6288    0.8333    0.8542    0.4019   0.02946  0.006601   0.01054
    36/299        0G   0.06517   0.02284   0.00549    0.0935         9       640    0.7007    0.8333    0.8752    0.4295   0.03426  0.006422  0.008729
    37/299        0G   0.05914   0.02105  0.004392   0.08459         4       640    0.5365    0.8333    0.7442    0.5164   0.03326  0.006226  0.007656
    38/299        0G   0.06308   0.02107  0.004463   0.08861         2       640    0.7143    0.6667    0.7009    0.3062   0.03676  0.006246  0.008849
    39/299        0G   0.06283   0.02253  0.003898   0.08926        11       640     0.817    0.6667    0.8133    0.5127   0.02963  0.006737    0.0106
    40/299        0G   0.05697   0.02014  0.004693    0.0818         6       640    0.7336    0.6667      0.82    0.4381   0.02886  0.006199   0.01277
    41/299        0G   0.05689   0.02004  0.004346   0.08128         5       640    0.8747    0.6657    0.8464    0.3907   0.03234  0.005658   0.01191
    42/299        0G   0.06221   0.02138   0.00372   0.08731         5       640    0.4615         1    0.7377    0.1843   0.03855   0.00554   0.00887
    43/299        0G   0.06233   0.01853  0.004126   0.08498         7       640    0.4898    0.8333    0.7229    0.5567   0.03793  0.005958   0.01355
    44/299        0G   0.06225   0.01918  0.006242   0.08767         5       640    0.4583    0.8333    0.7328    0.4733   0.03417  0.005979   0.02307
    45/299        0G   0.06294   0.01769  0.004575   0.08521         7       640    0.4192    0.8333    0.7486    0.4538   0.03598  0.006516   0.01106
    46/299        0G   0.05504   0.02107  0.004167   0.08028         6       640    0.6517    0.8326    0.8315    0.3895   0.03627  0.005978    0.0161
    47/299        0G   0.05727   0.01992  0.003325   0.08051         5       640    0.7777    0.7788    0.8337    0.5996   0.03033  0.005757   0.01497
    48/299        0G   0.05775   0.02117  0.004144   0.08306         6       640    0.7323    0.8333    0.8331    0.5684   0.02647  0.006085    0.0212
    49/299        0G   0.05478   0.02055  0.003752   0.07908         2       640    0.8122    0.8264    0.8561    0.5118   0.03001  0.005871   0.01753
    50/299        0G    0.0548   0.02182  0.004759   0.08138         5       640    0.7779    0.9609     0.995    0.5303   0.02994   0.00575   0.01443
    51/299        0G   0.05783   0.02041  0.002944   0.08119        11       640    0.8448    0.8333     0.885    0.5346   0.02625  0.006397  0.007506
    52/299        0G   0.05859   0.01855  0.004271   0.08141         3       640     0.664    0.8326    0.7711    0.4651   0.03631  0.006653  0.007392
    53/299        0G   0.05462   0.02136  0.003365   0.07934         8       640    0.8649    0.8332    0.8371    0.5023   0.03146  0.006395  0.005689
    54/299        0G   0.05493   0.01903  0.003801   0.07776         3       640    0.4684    0.8329    0.7404    0.4073   0.04022  0.005591   0.01801
    55/299        0G   0.06086   0.01846  0.004448   0.08377         3       640    0.7077    0.8173    0.7614    0.4641   0.02872  0.006133   0.02079
    56/299        0G   0.06392   0.01874  0.003392   0.08606         7       640     0.584    0.8333    0.7451    0.5151   0.02578  0.006205   0.02135
    57/299        0G   0.06564   0.01671  0.004106   0.08645         3       640    0.4617    0.8333    0.7442    0.3202   0.03603  0.006697   0.01743
    58/299        0G   0.06592   0.01911  0.004167    0.0892         3       640    0.4539    0.8325    0.6702    0.3188   0.02886  0.006358   0.01347
    59/299        0G   0.05685   0.01834  0.004828   0.08002         4       640    0.5991       0.9    0.8542    0.4413   0.03437  0.005739  0.006332
    60/299        0G   0.06035   0.02259  0.004593   0.08753         6       640    0.8153    0.5333    0.6409     0.327   0.03081  0.005128   0.00984
    61/299        0G   0.05527   0.01807  0.005202   0.07854         6       640     0.856         1     0.995    0.4851    0.0257  0.005014  0.007755
    62/299        0G   0.05591   0.01908  0.004782   0.07977         8       640    0.7227    0.8333    0.8354    0.4536     0.032  0.005292   0.01076
    63/299        0G   0.06534   0.02082  0.003485   0.08964        10       640    0.7814    0.6667      0.72    0.2867   0.03745  0.006241  0.006758
    64/299        0G   0.06576   0.01972   0.00286   0.08835         7       640    0.6801    0.8333      0.83    0.4673   0.03982   0.00541   0.00853
    65/299        0G   0.05957   0.01788  0.003899   0.08134         6       640    0.7388    0.8333     0.775    0.2883   0.03457  0.005497  0.008067
    66/299        0G   0.05678   0.01863  0.003214   0.07862         5       640    0.9171    0.7654    0.8307     0.415   0.03774  0.005466  0.008723
    67/299        0G   0.05118   0.01675  0.003534   0.07146         3       640    0.9753    0.6664    0.7757    0.6012   0.04183  0.005162  0.006541
    68/299        0G   0.05792    0.0201  0.003394   0.08141         7       640    0.8003    0.8329    0.8405    0.4356   0.04321  0.004935  0.004434
    69/299        0G   0.05364   0.01909  0.003323   0.07605         4       640    0.7802    0.8333     0.831    0.6158   0.03807  0.004908  0.005091
    70/299        0G   0.04936   0.01639  0.003115   0.06887         3       640    0.7928    0.8333    0.8438    0.5131   0.03491  0.004792  0.009954
    71/299        0G   0.05597    0.0171  0.002925   0.07599         7       640    0.4973    0.9997    0.8296    0.4734   0.02662  0.004877  0.002396
    72/299        0G    0.0451   0.01531  0.002258   0.06267         2       640    0.8275    0.8332    0.8112    0.5207     0.032  0.005154  0.003402
    73/299        0G   0.05415   0.01829   0.00254   0.07499         9       640     0.691    0.8331    0.6951    0.3581   0.03328  0.005341  0.003115
    74/299        0G   0.05533   0.01613  0.002292   0.07375         4       640    0.5218    0.7333     0.654    0.3481    0.0363   0.00502  0.003994
    75/299        0G   0.04893   0.01722  0.003031   0.06919         6       640    0.7079    0.8333    0.7584    0.4995   0.02865   0.00485  0.008967
    76/299        0G   0.05193   0.01723  0.003032    0.0722         7       640     0.826    0.6667     0.719    0.5186   0.03241  0.004647   0.02667
    77/299        0G   0.05551   0.01845  0.003254   0.07721        10       640    0.7532    0.6667    0.6534    0.3762    0.0378   0.00475   0.03712
    78/299        0G   0.05885   0.01629   0.00321   0.07835         5       640    0.5981     0.832    0.7584    0.4223    0.0333  0.005177  0.009687
    79/299        0G   0.05398   0.01631  0.003064   0.07335         6       640    0.6317    0.8325     0.725    0.3765   0.03637  0.005529  0.007651
    80/299        0G   0.05518   0.01688   0.00384    0.0759         5       640    0.4727    0.6326    0.3675    0.2045   0.04364  0.005244   0.01061
    81/299        0G   0.05199   0.01906  0.004707   0.07576         8       640    0.7713         1    0.9371    0.5237   0.02557  0.005757   0.00411
    82/299        0G   0.05477   0.01666  0.003975   0.07541         3       640    0.9018    0.9105    0.9617    0.5147   0.03612  0.005053  0.006216
    83/299        0G   0.05577   0.01845  0.003668   0.07789        12       640    0.8608    0.9998    0.9617     0.534   0.02553  0.004835  0.008651
    84/299        0G   0.05183   0.01926  0.003162   0.07425        11       640    0.8303    0.9996    0.9617    0.6539    0.0262  0.004997  0.008308
    85/299        0G   0.04809   0.01758  0.003175   0.06885         9       640    0.7832    0.9997    0.9617    0.6518   0.02457  0.004994  0.009797
    86/299        0G   0.05103   0.01772  0.004039   0.07279         2       640    0.6378         1    0.9093    0.5185   0.02313  0.004433  0.003336
    87/299        0G   0.04858    0.0164  0.003008   0.06798         4       640     0.932    0.7331    0.8374     0.513   0.03035  0.004363  0.007136
    88/299        0G   0.04894   0.01647  0.003805   0.06921         6       640    0.6994    0.9991    0.9125    0.6346   0.02742  0.004265   0.01221
    89/299        0G   0.04756   0.01556  0.003415   0.06654         9       640    0.8499    0.6667    0.6357    0.4505   0.02474  0.004815   0.02456
    90/299        0G   0.04896   0.01729  0.002726   0.06897         4       640    0.8076    0.6667    0.6053    0.3233   0.03117  0.005351   0.02349
    91/299        0G   0.05116   0.01992  0.003037   0.07412        12       640    0.9163       0.5    0.4641    0.2839   0.02661  0.005675   0.02235
    92/299        0G   0.04981    0.0162  0.002418   0.06843         6       640    0.8002    0.6667    0.6356    0.3691   0.02624  0.005499   0.02417
    93/299        0G   0.04558   0.01559  0.002345   0.06352         3       640    0.8499    0.6667    0.6963    0.4534   0.02572  0.005453   0.01733
    94/299        0G   0.04969   0.01704  0.001946   0.06868         6       640    0.6255    0.6667    0.6308    0.2506   0.03585  0.005089  0.005873
    95/299        0G   0.04726   0.01467  0.002708   0.06464         4       640    0.8934    0.8333    0.8408    0.4858   0.03079  0.004929   0.00296
    96/299        0G   0.04909   0.01251  0.002533   0.06414         4       640    0.6615    0.8333    0.7443    0.3298   0.03054  0.004335  0.003993
    97/299        0G    0.0499   0.01387  0.001911   0.06567         3       640    0.6784     0.733     0.736    0.4234    0.0304  0.004419  0.004213
    98/299        0G   0.05006   0.01549  0.002531   0.06808         7       640    0.9978    0.7214    0.8289    0.5291   0.02611  0.004603  0.005058
    99/299        0G   0.04299   0.01538  0.002581   0.06095         6       640    0.9915    0.8328    0.8484    0.6042   0.02774  0.004694  0.004968
   100/299        0G   0.05152   0.01592  0.002647   0.07009         6       640    0.9998    0.7056     0.884    0.5343   0.02569  0.004717  0.006899
   101/299        0G     0.049   0.02052  0.002567   0.07209        15       640    0.9266    0.7332    0.8226     0.465   0.02619  0.005824  0.006253
   102/299        0G   0.04476   0.01723  0.002713    0.0647         9       640    0.9994    0.7855    0.8751      0.72   0.02115  0.005244   0.00775
   103/299        0G   0.04768    0.0143  0.002297   0.06428         8       640    0.6535    0.8333    0.7913    0.5312   0.02229   0.00495   0.01841
   104/299        0G   0.04465   0.01366   0.00201   0.06032         4       640    0.7833    0.6667    0.7405    0.5743   0.02186   0.00543   0.02614
   105/299        0G   0.04623   0.01378  0.003315   0.06333         5       640    0.8103    0.6667     0.735    0.5211   0.02567  0.005459   0.02611
   106/299        0G   0.04705   0.01456  0.002165   0.06378        10       640    0.9981    0.6585     0.731    0.5706   0.02215  0.005873   0.02421
   107/299        0G   0.04989   0.01512  0.002054   0.06707         4       640    0.9815    0.6667    0.7476      0.62   0.02303  0.005591   0.02377
   108/299        0G   0.04762   0.01384   0.00263   0.06409         5       640    0.8581    0.6667     0.734    0.4881   0.02594  0.005617   0.01993
   109/299        0G   0.04667   0.01447  0.002542   0.06369         5       640     0.876    0.8332    0.8507     0.648   0.02372  0.005037  0.005492
   110/299        0G   0.04485   0.01377  0.002079    0.0607         3       640    0.8562    0.8332    0.8584    0.5695   0.02161  0.004928  0.001696
   111/299        0G   0.04236   0.01352  0.002081   0.05796         4       640     0.959    0.7333    0.8584     0.592   0.02279  0.005111  0.001836
   112/299        0G   0.04534   0.01378  0.001965   0.06108         3       640    0.9803    0.7333    0.8426    0.5986   0.02305  0.005165  0.001944
   113/299        0G   0.04544   0.01279  0.002178   0.06041         4       640    0.8824    0.8331    0.8268    0.6266   0.02306  0.005276  0.001575
   114/299        0G   0.04591   0.01424  0.001663   0.06181         7       640    0.8918    0.8333    0.8178    0.5873   0.02434  0.005652    0.0015
   115/299        0G   0.03978   0.01526  0.001876   0.05691         7       640    0.9363    0.8333    0.8301    0.5719   0.02503  0.005855  0.002026
   116/299        0G   0.04484   0.01518   0.00203   0.06205         5       640     0.936     0.833    0.8302    0.4993   0.02756  0.005372   0.00313
   117/299        0G   0.04486   0.01742  0.001316    0.0636        13       640    0.9639     0.833    0.8301    0.5694   0.02414  0.005181   0.00211
   118/299        0G   0.04324   0.01701  0.001385   0.06163        11       640     0.963    0.8333    0.8301    0.6274   0.02856  0.005273  0.001745
   119/299        0G   0.04121   0.01408    0.0023   0.05759         2       640    0.9526    0.8333    0.8301    0.6534   0.02279  0.005281  0.002537
   120/299        0G   0.04384   0.01397  0.003103   0.06091         5       640    0.9897    0.8333    0.8303    0.5941   0.02574  0.005177 0.0008887
   121/299        0G   0.04466   0.01378  0.001476   0.05992         6       640    0.9537    0.8329    0.8345    0.6193   0.02397  0.005168 0.0005564
   122/299        0G   0.04475   0.01439  0.002113   0.06125         7       640    0.9007    0.7687    0.8182    0.5223   0.02729  0.005479 0.0008967
   123/299        0G   0.04325   0.01389  0.001735   0.05887         6       640    0.9032     0.833    0.8135    0.5843   0.02773  0.005382  0.004311
   124/299        0G   0.04231   0.01472  0.001596   0.05863        12       640    0.8771    0.6667    0.7145    0.5458   0.02428  0.005727     0.013
   125/299        0G   0.04269    0.0132  0.002019    0.0579         9       640    0.8842    0.8332    0.8301    0.6699    0.0247  0.005514  0.004793
   126/299        0G   0.04846   0.01341  0.001633    0.0635         2       640    0.8938    0.8333    0.8302     0.655   0.02535  0.005484   0.00359
   127/299        0G   0.04471    0.0147  0.002261   0.06168         7       640    0.9022    0.8333    0.8333    0.6476   0.02439  0.005388   0.00226
   128/299        0G    0.0401   0.01463  0.002993   0.05772         7       640    0.9114    0.8333    0.8386    0.5927   0.02465  0.005306  0.002267
   129/299        0G   0.03651   0.01394  0.003565   0.05402         4       640    0.9258    0.8333    0.8365     0.599   0.02114  0.005503  0.002222
   130/299        0G    0.0387   0.01452  0.003459   0.05667         8       640    0.9887    0.8333    0.8414    0.6412   0.01865  0.004967  0.001773
   131/299        0G   0.04053   0.01286   0.00156   0.05495         5       640    0.9671    0.8329    0.8577    0.6253   0.01923  0.004565  0.001184
   132/299        0G   0.03752   0.01402  0.002068   0.05361        10       640    0.9724    0.8329    0.9539    0.6071   0.02237  0.004315  0.001059
   133/299        0G   0.04023   0.01374  0.001966   0.05594         4       640    0.9003    0.8333     0.896    0.6275   0.01791   0.00425  0.001284
   134/299        0G    0.0376   0.01369  0.001362   0.05265         6       640    0.9103    0.8333    0.8562    0.6062   0.01827  0.004971  0.002154
   135/299        0G   0.03743   0.01422  0.001231   0.05289         4       640    0.9063    0.8332    0.8387    0.5852    0.0181  0.005377   0.00293
   136/299        0G   0.03886   0.01507  0.001263   0.05519         7       640    0.8944    0.8333    0.8332    0.5505   0.02273  0.005516  0.003483
   137/299        0G   0.03643   0.01391  0.001607   0.05195         2       640     0.888    0.8332    0.8301    0.6401   0.02047  0.005563  0.004815
   138/299        0G   0.03699   0.01262  0.001676   0.05129         4       640    0.8788    0.8333    0.8368    0.6379   0.02219  0.005313  0.004885
   139/299        0G   0.03789    0.0141  0.001235   0.05322         6       640    0.8661    0.8333    0.8443    0.6691   0.01984  0.005323  0.006093
   140/299        0G   0.03439   0.01202  0.001864   0.04827         6       640    0.9001    0.8333    0.8371    0.5146   0.02544  0.005053  0.001678
   141/299        0G   0.04229   0.01265  0.001099   0.05604        10       640    0.8994    0.8333    0.8388    0.5674   0.02031  0.005249  0.001593
   142/299        0G   0.03865   0.01277  0.001078   0.05249         6       640    0.7342    0.8333    0.7753    0.5792   0.02209   0.00553  0.002375
   143/299        0G   0.03581   0.01037  0.001045   0.04723         4       640    0.7402    0.8333    0.7753    0.6012   0.02201  0.005878  0.002382
   144/299        0G   0.03889   0.01337  0.001291   0.05355         5       640    0.8919    0.8332    0.8302    0.4718   0.03101   0.00597  0.002714
   145/299        0G   0.03757   0.01416  0.001062   0.05279         5       640    0.8807    0.8332    0.8302    0.5056   0.03026   0.00553  0.004117
   146/299        0G   0.03692   0.01373  0.007711   0.05835         5       640     0.869    0.8333    0.8302    0.5323   0.02637  0.005291  0.005723
   147/299        0G    0.0374   0.01191  0.001643   0.05096         5       640    0.8688     0.833    0.8302    0.6377   0.02642  0.005075  0.008014
   148/299        0G   0.04089   0.01314  0.001425   0.05546         5       640    0.8985    0.8333    0.8303    0.6141   0.02919  0.004625  0.007468
   149/299        0G   0.04137   0.01415  0.001304   0.05682        10       640    0.9126    0.8333    0.8302    0.6283   0.02729  0.004597  0.007348
   150/299        0G   0.04306    0.0133   0.00131   0.05767         6       640         1     0.833    0.8302    0.5462    0.0299  0.004747  0.004001
   151/299        0G   0.04098   0.01199  0.001518   0.05449         4       640     0.994    0.8333    0.8302     0.596   0.02267  0.004824  0.002982
   152/299        0G   0.03706   0.01369   0.00177   0.05252        10       640    0.9893    0.8333    0.8303    0.6399   0.02128  0.004681  0.002159
   153/299        0G   0.03724    0.0128  0.001508   0.05155         6       640     0.992    0.8333    0.8302    0.6379   0.02119  0.004677  0.001919
   154/299        0G    0.0352    0.0144  0.001479   0.05108         8       640    0.9946    0.8333    0.8303     0.614   0.02193  0.004955  0.001842
   155/299        0G   0.03895    0.0121  0.002103   0.05315         7       640    0.9942    0.8333    0.8303    0.6284   0.02223  0.005061  0.002239
   156/299        0G   0.03339   0.01384   0.00205   0.04928        10       640    0.9932    0.8333    0.8303    0.6449   0.02311  0.005207  0.003351
   157/299        0G   0.03556    0.0122  0.001638   0.04941         4       640    0.9811    0.8333    0.8304    0.6323   0.02234  0.005188  0.004057
   158/299        0G   0.03841   0.01235  0.001684   0.05244         6       640    0.9409    0.8326    0.8304      0.64   0.02326  0.005445  0.005338
   159/299        0G   0.03637   0.01319  0.001729   0.05129         8       640    0.9306    0.8333    0.8304    0.6296   0.02343  0.005608  0.005832
   160/299        0G   0.03755   0.01312  0.001145   0.05181         3       640    0.9106    0.8333    0.8307    0.6302   0.02507   0.00554  0.008139
   161/299        0G   0.03366   0.01198  0.001059    0.0467         7       640    0.8874    0.8333    0.8307    0.5852   0.02554  0.005457  0.009728
   162/299        0G   0.03345   0.01204  0.001038   0.04653         3       640    0.8857    0.8333    0.8307    0.6307   0.02529  0.005467  0.009299
   163/299        0G   0.03529   0.01118  0.001937   0.04841         3       640    0.8892    0.8332    0.8306    0.6141   0.02547  0.005683  0.008049
   164/299        0G   0.03621    0.0126 0.0009417   0.04975         5       640    0.8997    0.8332    0.8304    0.6156   0.02578  0.005496   0.00586
   165/299        0G   0.03913   0.01301 0.0008478   0.05299         6       640    0.9016    0.8333    0.8303    0.6296   0.02418  0.005162  0.005464
   166/299        0G   0.02889   0.01301 0.0008421   0.04275         3       640    0.9075    0.8333    0.8303    0.6177   0.02447  0.004941  0.004846
   167/299        0G   0.03485   0.01221 0.0008478   0.04792         5       640    0.9139    0.8333    0.8303    0.6709   0.02211  0.004787  0.004572
   168/299        0G   0.03629   0.01294  0.001066   0.05029        11       640    0.9358    0.8333    0.8303    0.6322   0.02355  0.004698  0.004029
   169/299        0G   0.03503   0.01111 0.0009053   0.04704         5       640     0.946    0.8333    0.8302    0.6468   0.02254  0.004758  0.004093
   170/299        0G   0.03395   0.01152  0.001019   0.04649         7       640     0.924    0.8333    0.8303     0.601   0.02558  0.005006  0.005452
   171/299        0G   0.03637   0.01422 0.0008267   0.05141        10       640    0.9135    0.8333    0.8303    0.6383   0.02558  0.005146  0.005449
   172/299        0G   0.03454   0.01108   0.00096   0.04658         4       640    0.9142    0.8333    0.8304    0.6407   0.02684  0.005166  0.006586
   173/299        0G   0.03529   0.01484 0.0008788     0.051         4       640    0.9175    0.8333    0.8304    0.6176   0.02642  0.005118  0.005837
   174/299        0G   0.03397   0.01328  0.001908   0.04916        10       640    0.9435    0.8333    0.8304    0.6493   0.02505  0.005083  0.004591
   175/299        0G   0.03123   0.01084  0.001067   0.04314         6       640     0.949    0.8333    0.8305    0.6257   0.02193  0.005055   0.00469
   176/299        0G   0.03146   0.01028  0.001723   0.04346         2       640    0.9479    0.8333    0.8306      0.57   0.02327  0.005065  0.003836
   177/299        0G   0.03429   0.01207   0.00108   0.04745         6       640    0.9499    0.8333    0.8306    0.6325   0.02256  0.004958  0.003658
   178/299        0G   0.03232   0.01097  0.001237   0.04453         5       640    0.9706    0.8333    0.8304     0.645   0.02081  0.004677  0.003308
   179/299        0G   0.03337   0.01289  0.001544    0.0478         6       640    0.9738    0.8333    0.8376    0.6733   0.02067   0.00462  0.003429
   180/299        0G   0.03429   0.01291  0.002033   0.04923         9       640     0.974    0.8333    0.8367    0.6545   0.02087   0.00494  0.003831
   181/299        0G   0.03074   0.01188  0.001035   0.04366         2       640    0.9773    0.8333    0.8408    0.6616   0.01971   0.00519  0.003938
   182/299        0G   0.03276   0.01245  0.001108   0.04632         6       640     0.962    0.8333    0.8473     0.606   0.01866  0.005252   0.00501
   183/299        0G   0.03123   0.01127  0.001095    0.0436         4       640    0.9495    0.8333    0.8508    0.6554   0.01795  0.005206  0.007178
   184/299        0G   0.03343    0.0121  0.001122   0.04666         7       640    0.9349    0.8333    0.8448    0.6724   0.01877  0.005151  0.009314
   185/299        0G   0.03216   0.01074  0.001248   0.04414         3       640    0.9169    0.8333    0.8354    0.6742    0.0172  0.005242  0.006996
   186/299        0G   0.03144   0.01221 0.0008315   0.04448         8       640    0.9025    0.8333    0.8302     0.666   0.01845   0.00526  0.004494
   187/299        0G   0.02949   0.01188  0.001092   0.04247         5       640    0.9055    0.8333    0.8302     0.666    0.0176  0.005447  0.002612
   188/299        0G   0.03233   0.01196 0.0008257   0.04512         5       640    0.9041    0.8333    0.8302    0.6212   0.01955  0.005591  0.001391
   189/299        0G    0.0306   0.01092 0.0008032   0.04233         2       640    0.8961    0.8333    0.8303    0.6641   0.01817  0.005673   0.00115
   190/299        0G   0.02943   0.01022 0.0008595   0.04051         2       640    0.8799    0.8333    0.8303    0.6726   0.02032  0.005958  0.001139
   191/299        0G   0.03154   0.01145 0.0008743   0.04386         7       640    0.8732    0.8333    0.8303    0.6621   0.02014  0.006102  0.001161
   192/299        0G   0.03028    0.0111 0.0009746   0.04235         4       640     0.868    0.8333    0.8303    0.6322   0.02071   0.00633  0.001607
   193/299        0G   0.03216    0.0119 0.0008887   0.04495         8       640    0.7005    0.8333    0.7752    0.6104   0.01975  0.006431   0.00184
   194/299        0G   0.03239   0.01215  0.001056    0.0456         6       640    0.8719    0.8332    0.8303    0.6177   0.02061  0.006158  0.002268
   195/299        0G   0.02906   0.01057 0.0009986   0.04063         8       640    0.8745    0.8333    0.8303    0.6468   0.02098  0.005968  0.002964
   196/299        0G   0.03057   0.01035 0.0007819    0.0417         6       640     0.869    0.8333    0.8303    0.6138   0.02184  0.005813  0.005352
   197/299        0G   0.03186   0.01171 0.0008632   0.04443         7       640     0.867    0.8333    0.8303    0.6119   0.02219  0.005801  0.006511
   198/299        0G   0.02922    0.0116 0.0008255   0.04164         9       640    0.8486    0.8332    0.8303    0.6177   0.02094  0.005795  0.009726
   199/299        0G   0.03124   0.01107 0.0008544   0.04316         7       640    0.8188    0.8329    0.8303    0.6284   0.02012  0.005836   0.01248
   200/299        0G   0.02936   0.01171 0.0008238    0.0419         3       640    0.7937    0.8333    0.8303    0.6177   0.02058  0.005916   0.01625
   201/299        0G   0.03097   0.01363  0.001578   0.04618         6       640    0.7903    0.8333    0.8303    0.6177   0.02061  0.005796   0.01703
   202/299        0G   0.02909   0.01167 0.0008931   0.04166         7       640    0.7894    0.8331    0.8303    0.6177   0.02193  0.005855   0.01683
   203/299        0G   0.03087  0.009948 0.0008482   0.04166         4       640    0.6241    0.8333    0.7753    0.5954   0.02055  0.005816   0.01617
   204/299        0G   0.03186   0.01203 0.0008713   0.04476         4       640    0.7939    0.8332    0.8303    0.6628   0.02077  0.005738   0.01399
   205/299        0G   0.03044   0.01191 0.0006712   0.04302         9       640    0.8572    0.7882    0.8304    0.6632   0.02071  0.005712   0.01061
   206/299        0G    0.0304    0.0116 0.0006881   0.04269         6       640    0.8572    0.8055    0.8304    0.6223   0.02222  0.005675  0.009475
   207/299        0G   0.02784   0.01049 0.0008026   0.03914         7       640    0.8437    0.8069    0.8304    0.6629   0.02071  0.005666   0.00991
   208/299        0G   0.02889   0.01107  0.001055   0.04102         8       640    0.8308    0.8333    0.8304    0.6617   0.02175  0.005682   0.01132
   209/299        0G   0.03099   0.01298 0.0006984   0.04466         5       640    0.8376    0.8333    0.8304    0.6617   0.02179  0.005532    0.0132
   210/299        0G   0.02882   0.01045 0.0006585   0.03993         6       640    0.8448    0.8333    0.8304    0.6782   0.02142  0.005564   0.01303
   211/299        0G   0.02859   0.01153   0.00103   0.04115         5       640    0.8473    0.8333    0.8304    0.6822   0.02172  0.005567   0.01258
   212/299        0G    0.0303   0.01079  0.004742   0.04584         2       640    0.8496    0.8333    0.8304    0.6783   0.02291  0.005307   0.01386
   213/299        0G   0.02727   0.01099 0.0006136   0.03887         4       640    0.8696    0.8333    0.8305    0.6683   0.02261   0.00524   0.01162
   214/299        0G   0.02753   0.01086  0.000689   0.03908         2       640    0.9118    0.8333    0.8305    0.6336   0.02408  0.005237  0.008199
   215/299        0G   0.02928   0.01045  0.001587   0.04132         4       640    0.9192    0.8333    0.8306    0.6516   0.02376  0.005046  0.007829
   216/299        0G   0.02907   0.01159  0.000633   0.04129        13       640    0.9261    0.8333    0.8308    0.6478   0.02454  0.005244  0.007835
   217/299        0G   0.02717   0.01181 0.0005667   0.03955        11       640    0.9386    0.8333    0.8308    0.6658   0.02362  0.005306  0.007682
   218/299        0G   0.02672   0.01151 0.0006649   0.03889         4       640    0.9249    0.8333    0.8307    0.6228    0.0241  0.005546  0.008792
   219/299        0G   0.02732   0.01032 0.0007407   0.03838         4       640    0.9147    0.8333    0.8307    0.6657   0.02378  0.005618   0.00864
   220/299        0G     0.031   0.01148 0.0006333   0.04312         5       640    0.9085    0.8333    0.8306    0.6172   0.02573  0.005565  0.008654
   221/299        0G   0.03021   0.01146 0.0006407   0.04232         3       640    0.9075    0.8333    0.8306    0.6315   0.02456   0.00565  0.009484
   222/299        0G    0.0293   0.01151 0.0008643   0.04168         2       640    0.9079    0.8333    0.8306    0.6312   0.02392  0.005794   0.00872
   223/299        0G   0.02749   0.01111 0.0006742   0.03928         8       640    0.9059    0.8333    0.8306    0.6315   0.02465  0.005844  0.009299
   224/299        0G    0.0275   0.01027 0.0006541   0.03843         8       640    0.9024    0.8333    0.8307    0.6335   0.02372  0.005784   0.01119
   225/299        0G   0.02772   0.01106 0.0005861   0.03937         9       640    0.8998    0.8333    0.8307    0.6481     0.023  0.005662   0.01203
   226/299        0G   0.02451   0.01124 0.0009488    0.0367         2       640    0.8952    0.8333    0.8307    0.6569   0.02288  0.005662   0.01184
   227/299        0G   0.02804   0.01143 0.0007054   0.04017         5       640    0.8834    0.8333    0.8308    0.6621   0.02266  0.005624   0.01146
   228/299        0G   0.02826   0.01134 0.0005651   0.04017         9       640    0.8353    0.8333    0.8306    0.6588   0.02237  0.005503   0.01417
   229/299        0G   0.02627  0.009575 0.0006617   0.03651         4       640    0.8351    0.8331    0.8306    0.6631   0.02269  0.005487   0.01445
   230/299        0G   0.02856   0.01175 0.0006908     0.041         3       640    0.8831    0.8333    0.8306     0.662    0.0226  0.005807   0.01064
   231/299        0G   0.02924   0.01044 0.0006021   0.04028        10       640    0.8794    0.8333    0.8306    0.6356   0.02278  0.005971   0.01018
   232/299        0G   0.03055  0.009402 0.0005986   0.04055         6       640    0.8713    0.8333    0.8304    0.6503   0.02372  0.006124   0.01023
   233/299        0G   0.02764   0.01081 0.0005459   0.03899         8       640    0.8712    0.8333    0.8304    0.6491   0.02379  0.006186  0.009707
   234/299        0G   0.02978   0.01025 0.0009967   0.04103         5       640    0.8685    0.8333    0.8304    0.6503   0.02312  0.005861  0.009706
   235/299        0G   0.02826   0.01028 0.0006716   0.03921         3       640    0.8601    0.8333    0.8304    0.6505   0.02241  0.005617   0.01024
   236/299        0G   0.02701    0.0111 0.0006134   0.03872         9       640    0.8522    0.8332    0.8304    0.6631   0.02186  0.005371   0.01035
   237/299        0G   0.02482  0.009418 0.0007901   0.03503         5       640    0.8542    0.8333    0.8304    0.6513   0.02191  0.005328   0.01038
   238/299        0G   0.02856   0.01156 0.0005786   0.04069         9       640    0.8625    0.8332    0.8304    0.6632   0.02212  0.005355    0.0108
   239/299        0G   0.02555   0.01092 0.0008298    0.0373         3       640    0.8608    0.8333    0.8305    0.6453   0.02236  0.005461   0.01211
   240/299        0G   0.02654   0.01144 0.0006064   0.03858        12       640    0.8627    0.8333    0.8306    0.6345   0.02273  0.005523   0.01331
   241/299        0G   0.02791    0.0103  0.001218   0.03943         5       640    0.8607    0.8333    0.8305    0.6535   0.02253  0.005465   0.01315
   242/299        0G    0.0238  0.009436  0.000439   0.03368         2       640    0.8611    0.8333    0.8307    0.6719   0.02263  0.005341   0.01386
   243/299        0G   0.02716   0.00975 0.0005153   0.03742         3       640    0.8631    0.8332    0.8306    0.6898   0.02235  0.005304   0.01335
   244/299        0G   0.02809  0.009971 0.0009714   0.03903         3       640     0.872    0.8333    0.8306    0.6551   0.02317  0.005194    0.0118
   245/299        0G   0.02639   0.00985  0.000614   0.03685         7       640    0.8712    0.8333    0.8306    0.6551   0.02239   0.00523   0.01208
   246/299        0G   0.02338   0.01062 0.0004781   0.03448         8       640    0.8769    0.8333    0.8306    0.6656   0.02203  0.005174   0.01146
   247/299        0G   0.02924   0.01042 0.0005547   0.04021         7       640    0.8755    0.8333    0.8308    0.6732   0.02134  0.005132   0.01173
   248/299        0G   0.02732    0.0102 0.0005923   0.03812         4       640    0.8866    0.8333    0.8307    0.6453   0.02239   0.00529   0.00978
   249/299        0G   0.02758   0.01062 0.0007165   0.03891         7       640    0.8964    0.8332    0.8307    0.6313   0.02229  0.005379  0.008722
   250/299        0G   0.02838   0.01128 0.0005983   0.04026        14       640    0.9051    0.8333    0.8308    0.6417   0.02094  0.005415   0.00835
   251/299        0G   0.02445  0.009487 0.0004726   0.03441         4       640    0.9121    0.8333    0.8308    0.6597   0.02106  0.005387   0.00831
   252/299        0G   0.02785   0.01202 0.0005605   0.04043         6       640    0.9238    0.8333    0.8309    0.6578   0.02082  0.005488  0.008116
   253/299        0G   0.02661   0.01054 0.0004916   0.03765         7       640    0.9285    0.8333    0.8309    0.6394   0.02085  0.005629  0.007982
   254/299        0G   0.02825   0.01041  0.001389   0.04005         9       640    0.9258    0.8333     0.831    0.6579   0.02074  0.005723  0.008123
   255/299        0G   0.02576   0.01079 0.0006401   0.03719         5       640    0.9303    0.8332     0.831    0.6579   0.02066  0.005703  0.008372
   256/299        0G   0.02516   0.01096  0.000618   0.03674        12       640    0.9145    0.8333    0.8308     0.666   0.02103  0.005733   0.01108
   257/299        0G   0.02695   0.01158 0.0006064   0.03913        12       640    0.8824    0.8333    0.8307    0.6513   0.02159  0.005712    0.0129
   258/299        0G   0.02521  0.009536 0.0006212   0.03537         5       640    0.8581    0.8332    0.8307    0.6492   0.02162  0.005709   0.01371
   259/299        0G   0.02561  0.009828  0.001437   0.03687         6       640    0.8463    0.8333    0.8307     0.662   0.02144  0.005578    0.0158
   260/299        0G    0.0271   0.01049  0.000584   0.03817         7       640    0.8274    0.8333    0.8306    0.6714   0.02192   0.00556   0.02016
   261/299        0G   0.02628   0.01147 0.0004891   0.03824         6       640    0.8311    0.8332    0.8306    0.6715   0.02176  0.005546   0.02029
   262/299        0G   0.02619   0.01057 0.0005587   0.03732         4       640    0.8199    0.8331    0.8306    0.6536   0.02215  0.005504   0.02335
   263/299        0G   0.02642  0.009763 0.0007439   0.03693         6       640    0.8055    0.8331    0.8306    0.6536   0.02231  0.005511   0.02587
   264/299        0G   0.02441  0.009899 0.0004758   0.03478         4       640    0.8001    0.8333    0.8306    0.6715   0.02238  0.005466   0.02688
   265/299        0G   0.02434   0.01077 0.0005562   0.03566        11       640     0.804     0.833    0.8305    0.6663   0.02236  0.005427   0.02617
   266/299        0G   0.02489   0.01012 0.0006672   0.03568        10       640      0.81    0.8331    0.8305     0.663   0.02295   0.00536    0.0257
   267/299        0G    0.0267   0.01164 0.0005552    0.0389         8       640    0.8173    0.8333    0.8305     0.663   0.02293  0.005368   0.02442
   268/299        0G   0.02427  0.009965 0.0005137   0.03475        10       640    0.8291    0.8333    0.8306    0.6631   0.02242    0.0054   0.02096
   269/299        0G   0.02482  0.009719 0.0004556     0.035         6       640    0.8311    0.8333    0.8306    0.6799   0.02224  0.005458   0.01965
   270/299        0G   0.02471   0.01026 0.0004492   0.03542         3       640    0.8358    0.8332    0.8307    0.6536   0.02204  0.005453   0.01794
   271/299        0G   0.02671   0.01124 0.0006535    0.0386        11       640    0.8374    0.8333    0.8306    0.6715    0.0216  0.005492   0.01691
   272/299        0G   0.02638   0.01133 0.0005072   0.03822         5       640    0.8422    0.8332    0.8308    0.6486   0.02201  0.005507   0.01593
   273/299        0G   0.02287  0.009595 0.0004436   0.03291         7       640      0.85    0.8333    0.8308    0.6478    0.0216  0.005645   0.01449
   274/299        0G    0.0238  0.009739 0.0004985   0.03404         3       640    0.8646    0.8333    0.8307    0.6632   0.02182  0.005764    0.0119
   275/299        0G   0.02499   0.01027  0.000488   0.03575         5       640     0.857    0.8333    0.8307    0.6631   0.02177   0.00576   0.01221
   276/299        0G   0.02548   0.01147 0.0004449    0.0374        13       640    0.8851    0.8333    0.8306    0.6536   0.02193  0.005793   0.01046
   277/299        0G   0.02367   0.01105 0.0004861    0.0352        10       640    0.8974    0.8333    0.8306    0.6536    0.0218  0.005834  0.008983
   278/299        0G   0.02381   0.01054 0.0004862   0.03483         4       640    0.9032    0.8333    0.8306    0.6452   0.02163  0.005851  0.007456
   279/299        0G   0.02367   0.00992 0.0004471   0.03403         7       640    0.8966    0.8333    0.8306    0.6286   0.02177  0.005782  0.007455
   280/299        0G   0.02671  0.009257 0.0004069   0.03637         4       640    0.8829    0.8333    0.8305     0.663   0.02141  0.005728  0.008339
   281/299        0G   0.02708  0.009624 0.0004032    0.0371         6       640    0.8807    0.8331    0.8306    0.6451   0.02142  0.005753  0.007923
   282/299        0G    0.0234   0.01075 0.0005877   0.03474         6       640    0.8888    0.8332    0.8305    0.6202   0.02195  0.005822   0.00632
   283/299        0G   0.02303   0.01048 0.0003579   0.03387         2       640    0.8912    0.8333    0.8306    0.6203   0.02212  0.005893  0.005897
   284/299        0G   0.02674  0.009874 0.0003734   0.03699         7       640    0.8941    0.8333    0.8308    0.6338   0.02203   0.00594  0.004825
   285/299        0G   0.02659  0.009293 0.0003419   0.03622         6       640    0.8949    0.8333     0.831    0.6588   0.02165  0.005896  0.004149
   286/299        0G   0.02748   0.01015 0.0004599    0.0381         5       640    0.8936    0.8333     0.831    0.6386   0.02154  0.005868  0.003705
   287/299        0G    0.0252  0.009428  0.000598   0.03522         8       640    0.8938    0.8332     0.831    0.6207   0.02155  0.005907  0.003587
   288/299        0G   0.02547  0.009501 0.0004908   0.03546         3       640    0.8967    0.8332    0.8309    0.6149   0.02109  0.005954  0.003575
   289/299        0G   0.02538  0.009537 0.0004005   0.03531         5       640    0.8968    0.8332    0.8309    0.6149   0.02107  0.005946  0.003762
   290/299        0G   0.02528   0.01042 0.0004664   0.03616         3       640    0.8977    0.8333    0.8309    0.6385   0.02086  0.005871  0.003957
   291/299        0G   0.02483   0.01001 0.0004125   0.03525         5       640    0.8965    0.8333    0.8309    0.6384   0.02088  0.005808  0.004186
   292/299        0G   0.02332  0.008941 0.0004522   0.03271         5       640    0.8988    0.8333    0.8307    0.6452   0.02102  0.005679  0.004618
   293/299        0G   0.02509  0.009992  0.000435   0.03552         6       640    0.8996    0.8333    0.8306    0.6631   0.02124  0.005686  0.004467
   294/299        0G   0.02599   0.01062 0.0009855   0.03759        11       640    0.9048    0.8333    0.8306      0.65   0.02062   0.00574  0.003926
   295/299        0G   0.02344   0.00949 0.0004477   0.03337         8       640    0.9068    0.8333    0.8306    0.6655   0.02022  0.005781  0.003788
   296/299        0G   0.02568  0.009075 0.0004167   0.03517         7       640    0.9134    0.8333    0.8306     0.663   0.02002  0.005724  0.003447
   297/299        0G   0.02319  0.009838 0.0006822   0.03371        11       640    0.9189    0.8332    0.8306    0.6451      0.02  0.005778   0.00333
   298/299        0G   0.02282  0.008995 0.0004549   0.03227         8       640    0.9494    0.8329    0.8306     0.663   0.02015  0.005821  0.003538
   299/299        0G   0.02505  0.008955 0.0005575   0.03456         9       640    0.9554     0.833    0.8305    0.6451   0.02077    0.0058  0.003924
