     0/299        0G    0.1085   0.03452   0.02891    0.1719        12       640  0.005666       0.3   0.00553 0.0005643    0.1073   0.02803   0.02627
     1/299        0G    0.1116   0.03375   0.02945    0.1748        16       640    0.3576       0.1     0.101   0.01011    0.1041   0.02598   0.02612
     2/299        0G    0.1008   0.03318   0.02818    0.1621        18       640  0.003221       0.4    0.0038 0.0004153   0.09836   0.02483    0.0254
     3/299        0G   0.09304   0.03221   0.02496    0.1502        10       640  0.007813       0.3  0.007077 0.0009569     0.095    0.0238   0.02463
     4/299        0G   0.09408    0.0316   0.02565    0.1513        18       640   0.01238       0.2   0.01247  0.001767     0.091   0.02256   0.02355
     5/299        0G   0.09605   0.03162   0.02643    0.1541        27       640   0.05123       0.3   0.04427  0.009007   0.08679   0.02169   0.02266
     6/299        0G   0.08739   0.03077   0.02434    0.1425        13       640    0.7318       0.2    0.1868   0.05071   0.08458   0.02091   0.02158
     7/299        0G   0.08866   0.03035   0.02313    0.1421        19       640    0.8719    0.2925    0.2596    0.1058    0.0837    0.0198   0.02093
     8/299        0G   0.08707   0.02919   0.02112    0.1374        28       640    0.8654       0.3    0.3079    0.1555   0.08473   0.01895   0.02021
     9/299        0G   0.07958   0.02953   0.02183    0.1309        16       640    0.7689       0.4    0.3611    0.1604   0.08127   0.01769   0.02042
    10/299        0G   0.08247   0.02929   0.02031    0.1321        14       640    0.8998       0.4    0.4359    0.2234    0.0846   0.01649    0.0193
    11/299        0G   0.07965   0.02968   0.01993    0.1293        19       640       0.9       0.4     0.437    0.2523   0.08493   0.01578   0.01889
    12/299        0G   0.07752   0.02931   0.01886    0.1257        19       640    0.8568    0.4988    0.4117    0.1669   0.08798   0.01518   0.01819
    13/299        0G   0.07246   0.02454    0.0187    0.1157         8       640    0.8565    0.4973    0.4224     0.283   0.08534   0.01456    0.0175
    14/299        0G   0.07459    0.0274   0.01862    0.1206        15       640    0.8117       0.5    0.3884    0.2782   0.08319   0.01395   0.01678
    15/299        0G   0.06544   0.02591   0.01612    0.1075        14       640    0.3748    0.6417    0.4698    0.3349    0.0824   0.01327   0.01639
    16/299        0G   0.06882   0.02676   0.01598    0.1116        21       640    0.9164       0.5    0.4741    0.3334   0.08272   0.01268   0.01601
    17/299        0G   0.06922    0.0264   0.01548    0.1111        15       640     0.442    0.6429     0.458    0.2865   0.08587   0.01205   0.01497
    18/299        0G   0.06606   0.02293   0.01475    0.1037        16       640    0.4084    0.6429    0.4423    0.2297   0.07705   0.01215   0.01388
    19/299        0G   0.06486    0.0246   0.01461    0.1041        14       640    0.3889    0.6429    0.4393    0.2884   0.06815    0.0121   0.01358
    20/299        0G   0.06859   0.02158   0.01418    0.1044        14       640    0.4417    0.6425    0.5279    0.3316   0.06566   0.01177   0.01328
    21/299        0G   0.06563   0.02358     0.014    0.1032        19       640     0.528    0.6429    0.6138    0.2579   0.06927    0.0113   0.01351
    22/299        0G   0.06864   0.01992   0.01259    0.1011        15       640    0.7496    0.5714    0.5516    0.2236   0.06747   0.01167   0.01276
    23/299        0G   0.06761    0.0225   0.01228    0.1024        20       640    0.4128    0.6429    0.5061    0.2839   0.07133   0.01156   0.01273
    24/299        0G   0.06534   0.02036   0.01175   0.09746        14       640    0.4235    0.6429    0.3984    0.2352   0.07394   0.01179   0.01244
    25/299        0G   0.06623   0.02133   0.01175   0.09931        15       640    0.9159       0.5    0.5016     0.288   0.06325   0.01178   0.01161
    26/299        0G   0.06259   0.02217   0.01099   0.09575        12       640    0.4144    0.6429    0.4882    0.2759   0.06859   0.01121   0.01028
    27/299        0G   0.06312    0.0232  0.009971   0.09629        14       640    0.4802    0.6429    0.5399    0.3896   0.06921   0.01113  0.009245
    28/299        0G   0.06835   0.02334  0.009896    0.1016        14       640    0.5574    0.6429    0.5313    0.3829   0.07241   0.01109  0.008801
    29/299        0G    0.0626   0.02338  0.009986   0.09597        19       640    0.7173    0.6429     0.522     0.346   0.06517   0.01075   0.00835
    30/299        0G   0.06053   0.01924  0.009675   0.08944        10       640     0.736    0.6427    0.5432    0.2835   0.06218   0.01081  0.007897
    31/299        0G   0.05858   0.01899  0.008241   0.08581        15       640    0.7794    0.6426      0.62    0.3634   0.06134    0.0108  0.007458
    32/299        0G   0.06168   0.02052  0.008478   0.09068        13       640    0.7207    0.6428    0.6106    0.3908   0.06756   0.01043  0.006847
    33/299        0G   0.06075   0.02189  0.007788   0.09043        20       640    0.8674    0.7139    0.7106    0.5656   0.06441   0.01033  0.005845
    34/299        0G   0.06311   0.02604  0.008369   0.09752        24       640    0.6162    0.7143    0.6765    0.5416    0.0653  0.009767  0.005379
    35/299        0G   0.06419   0.01969  0.006298   0.09017        13       640    0.9986    0.5861    0.6934    0.4371   0.06483  0.009687   0.00501
    36/299        0G   0.06312   0.01945  0.007128   0.08969        10       640    0.6845    0.7143    0.5998    0.3567   0.06809  0.009788  0.003875
    37/299        0G   0.06484   0.01999  0.007572    0.0924        18       640    0.5917    0.7103    0.6447    0.3309    0.0669  0.009578  0.003827
    38/299        0G   0.06207   0.02132  0.006406    0.0898        22       640    0.6236    0.7143    0.5616    0.3813   0.06532   0.00967  0.003496
    39/299        0G   0.05695   0.02055  0.005516   0.08301        16       640    0.9417     0.714    0.7109    0.4435   0.06192  0.009537  0.003398
    40/299        0G   0.06122   0.02153  0.004984   0.08773        17       640    0.7308    0.7141    0.6128    0.2202    0.0696    0.0091   0.00347
    41/299        0G   0.05548   0.01718  0.006408   0.07907        19       640    0.4561    0.7143    0.5448    0.2606      0.07  0.008862   0.00507
    42/299        0G   0.06719   0.01791  0.004976   0.09007        15       640    0.6038    0.6143    0.6148     0.383   0.06573  0.009473  0.009911
    43/299        0G     0.066   0.01967  0.004591   0.09026        16       640    0.6557    0.7143     0.578    0.3941   0.05569  0.009418  0.006471
    44/299        0G   0.06196   0.02239  0.004795   0.08914        25       640    0.7072    0.6621    0.5954    0.3368   0.05218  0.009867  0.004683
    45/299        0G   0.05968    0.0188  0.004506   0.08299        18       640    0.6051    0.7143    0.6613    0.4093   0.05393  0.009761  0.003569
    46/299        0G   0.06338   0.02001  0.004834   0.08822        21       640     0.731    0.7142    0.6841    0.4699   0.05137  0.009717  0.003231
    47/299        0G    0.0591   0.02132   0.00383   0.08425        28       640    0.5075    0.7143    0.5935    0.3538   0.05491  0.009345  0.003236
    48/299        0G   0.06551   0.02095  0.004059   0.09052        15       640    0.4065     0.514    0.5125    0.2889   0.06425  0.009532   0.01032
    49/299        0G   0.05998   0.01996  0.006188   0.08613        17       640    0.8331    0.7143    0.7009    0.4699    0.0511  0.008817  0.002896
    50/299        0G   0.05807   0.02267  0.004232   0.08496        20       640    0.4848    0.7143    0.6062     0.348   0.05787  0.009015  0.003359
    51/299        0G    0.0663   0.01581  0.004038   0.08614        16       640    0.4729    0.7039    0.5935    0.2636   0.05915  0.008913  0.003272
    52/299        0G   0.06975   0.01693   0.00407   0.09074        17       640    0.7942    0.5429    0.6018    0.3678   0.05451  0.009239  0.003902
    53/299        0G   0.06241    0.0182  0.004022   0.08464        22       640         1    0.5897     0.717    0.4257   0.05221  0.009539  0.003596
    54/299        0G   0.06211   0.01884  0.004443   0.08539        21       640    0.7197    0.6168    0.6842    0.3537    0.0559  0.009394  0.003221
    55/299        0G   0.06694   0.02294  0.004139   0.09402        16       640    0.7713    0.6788    0.6803    0.4472   0.04923  0.009286  0.002731
    56/299        0G   0.06057   0.01971  0.003701   0.08399        15       640    0.7016    0.6141    0.5963    0.2963   0.05149  0.009408  0.003614
    57/299        0G   0.05692   0.01946  0.003961   0.08034        16       640    0.9991    0.5886    0.6882    0.3653   0.04849  0.009357  0.004222
    58/299        0G   0.05237   0.01804  0.003674   0.07408        18       640    0.6564    0.7131    0.6098    0.3639   0.05149   0.00891  0.003299
    59/299        0G   0.05406   0.01739  0.005313   0.07676        15       640    0.9169    0.6453    0.7136    0.4139   0.05374   0.00881  0.003057
    60/299        0G   0.05558   0.01898  0.003447   0.07801        19       640    0.9346    0.6429    0.6938    0.3294    0.0554  0.008652  0.003098
    61/299        0G   0.06179   0.02414  0.003809   0.08974        29       640    0.9674    0.6427    0.6847     0.483   0.05525  0.008639  0.002886
    62/299        0G   0.05798   0.02016  0.003811   0.08195        21       640    0.9606    0.7143    0.7106     0.385     0.054  0.008656  0.002558
    63/299        0G   0.05856   0.02044  0.004346   0.08334        21       640    0.7456    0.6424    0.6423    0.5004   0.05693  0.008468  0.002416
    64/299        0G   0.06142   0.01872  0.003231   0.08337        24       640    0.6509    0.6426    0.6134    0.2636    0.0626  0.008678   0.00236
    65/299        0G   0.06722   0.02186  0.003682   0.09276        14       640     0.671     0.628    0.6052    0.3607   0.06125  0.008257  0.002379
    66/299        0G   0.05617   0.01823  0.004652   0.07905        16       640    0.8081    0.7138    0.7015    0.4687   0.05696   0.00824  0.002574
    67/299        0G   0.05657   0.02012  0.004185   0.08087        20       640    0.7877    0.7139    0.7183    0.6034   0.05657  0.007737  0.003322
    68/299        0G   0.05281   0.01799  0.003393   0.07419        18       640     0.957     0.714    0.7224    0.5352   0.05569  0.007612  0.003156
    69/299        0G   0.05639    0.0172  0.003223   0.07681        17       640    0.6393    0.7143    0.6564    0.2789   0.06797  0.008123  0.002894
    70/299        0G   0.06096   0.01738  0.003338   0.08168        16       640     0.788    0.5714    0.6225    0.4278   0.06387  0.008071  0.003152
    71/299        0G   0.05743    0.0196  0.003187   0.08021        16       640    0.6171    0.7143    0.6655    0.4865   0.05855  0.008635  0.003079
    72/299        0G   0.05558   0.01991  0.003459   0.07895        18       640    0.9074    0.4706    0.6406    0.4748    0.0571  0.008544  0.002852
    73/299        0G   0.05546   0.01708  0.003739   0.07627        19       640    0.5179    0.7143    0.5464     0.342   0.05726   0.00854  0.003287
    74/299        0G   0.05636   0.01782  0.003303   0.07749        14       640    0.5762    0.6429     0.544    0.3808   0.05535  0.008397  0.003457
    75/299        0G   0.05344   0.01547  0.003084   0.07199        11       640    0.6137    0.6143    0.6383    0.4096   0.06034  0.008224  0.005338
    76/299        0G   0.05353   0.01742  0.003512   0.07447        16       640    0.8216    0.7143    0.7191    0.4522   0.06333  0.007895  0.003528
    77/299        0G   0.05714   0.01914  0.005316    0.0816        12       640    0.6132    0.7143    0.6795    0.5086   0.06714  0.007726   0.00243
    78/299        0G   0.05385   0.01902  0.004681   0.07755        17       640    0.6029    0.7143    0.6675    0.4184   0.06762  0.008042  0.003032
    79/299        0G   0.04972   0.01552  0.004525   0.06977        11       640     0.528     0.714    0.7045    0.4413   0.05568  0.007572  0.002595
    80/299        0G   0.05643   0.01866  0.003676   0.07877        18       640     0.999    0.5443    0.6788    0.2765   0.06336  0.007658  0.002729
    81/299        0G    0.0589   0.01735   0.00447   0.08072        19       640    0.7165    0.4143    0.5768    0.3036   0.06859  0.007297   0.01782
    82/299        0G   0.05553   0.01757  0.004545   0.07765        15       640    0.8897    0.7143    0.7189    0.5071   0.06291  0.007096  0.002629
    83/299        0G    0.0564   0.01646  0.003477   0.07635        17       640    0.9583    0.7143    0.7197    0.5555    0.0603  0.007459  0.002788
    84/299        0G   0.05289   0.01564  0.003487   0.07201        15       640    0.7185    0.7143    0.6885    0.4661   0.06114  0.008317   0.00251
    85/299        0G   0.05279   0.01837  0.003626   0.07478        17       640    0.9359    0.7143    0.7469     0.559   0.06626   0.00809  0.002472
    86/299        0G   0.05419   0.01779  0.002798   0.07477        13       640    0.9096    0.7143    0.7331    0.3984   0.06258  0.007968  0.002166
    87/299        0G    0.0553   0.01917  0.003508   0.07799        22       640    0.6212    0.7141    0.7477    0.5718   0.06121  0.007802  0.002777
    88/299        0G   0.04903   0.01661  0.003841   0.06948        18       640    0.9327    0.6428    0.7776    0.5348   0.05927  0.008064  0.003699
    89/299        0G   0.05341   0.01709   0.00264   0.07314        15       640    0.9996       0.5    0.5813    0.3224     0.073  0.008542  0.007429
    90/299        0G   0.05453   0.01544  0.002301   0.07227        22       640    0.9995       0.5    0.6701    0.3339   0.07103  0.008271  0.006537
    91/299        0G   0.05645   0.01851  0.002889   0.07786        28       640    0.9663    0.5714    0.7484    0.4505    0.0593  0.008555  0.004105
    92/299        0G   0.05302   0.01728  0.003138   0.07343        23       640    0.8314    0.7857    0.8127    0.6037    0.0369  0.009017  0.003252
    93/299        0G   0.05149   0.01575  0.002621   0.06986        13       640    0.6944    0.7141    0.7229    0.5437   0.05528   0.00814  0.003184
    94/299        0G   0.05405     0.017  0.002783   0.07384        15       640    0.9241    0.6429    0.7763     0.504   0.05152  0.008203  0.003248
    95/299        0G   0.05159   0.01665  0.002814   0.07106        13       640    0.6255    0.8571    0.8015    0.5338   0.04832  0.007977  0.003235
    96/299        0G   0.05266   0.01625  0.003295   0.07221        17       640    0.5145    0.7143    0.6363    0.3552    0.0503  0.008218  0.002558
    97/299        0G   0.05139   0.01617   0.00247   0.07003        19       640    0.6289    0.7143    0.6935    0.4084    0.0435  0.008866  0.003567
    98/299        0G   0.04891   0.01707  0.003053   0.06903        23       640    0.9014    0.6429    0.7571    0.4813   0.04034  0.008644  0.003481
    99/299        0G   0.04167    0.0188  0.002828    0.0633        20       640    0.6875    0.7143    0.7781    0.4849   0.04223  0.008424  0.003471
   100/299        0G   0.04978   0.02071     0.003   0.07349        18       640    0.6491    0.7857    0.7271    0.3838   0.05183  0.007626  0.004423
   101/299        0G   0.04615   0.01477  0.002374   0.06329        15       640    0.6129    0.7143    0.7544    0.2984   0.05537  0.007561  0.006576
   102/299        0G   0.05004    0.0155  0.002438   0.06798        16       640    0.7322    0.7141    0.7351    0.3411   0.05446  0.007496  0.005347
   103/299        0G   0.05211   0.01474  0.002595   0.06944        15       640    0.8147    0.8567    0.8694    0.6001   0.05578  0.007106  0.003683
   104/299        0G   0.05497   0.01841  0.003089   0.07647        14       640    0.6786    0.8568    0.8744    0.5159   0.06314  0.006857  0.002485
   105/299        0G   0.05765   0.01798  0.002584   0.07821        21       640     0.765    0.6429    0.6556    0.4009   0.07036  0.007274  0.004375
   106/299        0G   0.05217   0.01564  0.003542   0.07135        15       640    0.7364    0.7143    0.7094    0.3886   0.06048  0.007033  0.008821
   107/299        0G   0.05034   0.02022  0.003525   0.07409        22       640    0.8627    0.6424    0.7606    0.3908   0.05033  0.007109      0.01
   108/299        0G    0.0533   0.01725   0.00303   0.07358        13       640    0.9275    0.7857    0.8321    0.4941   0.04242  0.006991  0.005107
   109/299        0G   0.04695   0.01452  0.002508   0.06398        13       640    0.9233     0.714    0.7851    0.5192   0.04868   0.00683   0.00292
   110/299        0G   0.04695   0.01533  0.002107   0.06438        12       640    0.6693    0.8571    0.7408     0.486    0.0389  0.007273  0.002424
   111/299        0G   0.04398   0.01774  0.002407   0.06413        20       640    0.8028    0.8569    0.8673    0.5565   0.03494  0.007683  0.002752
   112/299        0G   0.04139   0.01532  0.001858   0.05857        16       640    0.9583    0.5136    0.7455    0.5415   0.04128  0.007165   0.00326
   113/299        0G   0.04659   0.01639  0.003193   0.06617        23       640    0.8136    0.7819    0.8049    0.4377   0.04018  0.007075  0.002267
   114/299        0G   0.05042   0.01483  0.002695   0.06794        12       640    0.6332    0.7857    0.7767    0.5391   0.04035  0.007194  0.002141
   115/299        0G   0.04837   0.01588  0.003288   0.06754        19       640    0.9537    0.7857    0.8798     0.606   0.03859  0.007714  0.002171
   116/299        0G   0.04585   0.01593  0.002669   0.06445        15       640    0.7986    0.7143    0.8023    0.4517   0.04513  0.007279  0.002334
   117/299        0G   0.05191   0.01677  0.003618    0.0723        17       640    0.9441    0.7857    0.8631    0.5492   0.04075  0.007389  0.002239
   118/299        0G   0.03898   0.01459  0.002889   0.05645        17       640    0.9168    0.8426    0.8679    0.5902   0.04089  0.006966  0.002281
   119/299        0G   0.03988     0.018  0.003604   0.06149        21       640    0.9471    0.7857    0.8435    0.6171   0.03952  0.006946  0.002404
   120/299        0G   0.03902   0.01377  0.002289   0.05508         7       640    0.9852    0.7143    0.8193    0.5109   0.04039  0.006898  0.002708
   121/299        0G   0.05356   0.01266  0.002666   0.06889        18       640    0.9092    0.8571    0.8814     0.531   0.03888  0.006785  0.002695
   122/299        0G   0.04532   0.01387    0.0019    0.0611        16       640    0.8126    0.8571    0.8901    0.6718   0.03965  0.006429  0.002773
   123/299        0G   0.04389   0.01557  0.002399   0.06186        20       640    0.9324    0.7855    0.8735    0.6642   0.04047  0.006408  0.002763
   124/299        0G   0.04458   0.01685  0.001892   0.06332        16       640    0.9453    0.7855    0.8589    0.5389   0.03959  0.006653  0.002664
   125/299        0G   0.04484   0.01494   0.00173   0.06151        13       640    0.9281    0.9274    0.9252    0.6245   0.03463  0.006905  0.002563
   126/299        0G   0.04191   0.01685  0.001725   0.06048        16       640     0.858    0.9286    0.9152     0.624   0.03421  0.007016  0.002352
   127/299        0G   0.03652   0.01577  0.001561   0.05385        22       640    0.9287    0.9285    0.9252    0.6562    0.0341  0.006934  0.002395
   128/299        0G   0.03776   0.01549  0.002281   0.05552        24       640    0.7951    0.8571    0.9077    0.6037   0.03519  0.006871  0.002309
   129/299        0G   0.04439   0.01448  0.001671   0.06054        15       640    0.7353    0.8571    0.8225    0.5304   0.03502  0.006711  0.002242
   130/299        0G   0.04244   0.01546  0.001933   0.05983        21       640    0.7666    0.8556    0.8309    0.5993   0.03342  0.006825  0.002053
   131/299        0G   0.04155   0.01529  0.001845   0.05868        20       640    0.9449    0.8571    0.8708    0.6199    0.0331  0.006744  0.002028
   132/299        0G   0.03591   0.01234  0.002119   0.05037        14       640    0.8716    0.8571    0.8502    0.5697   0.04198  0.006791  0.001772
   133/299        0G    0.0476   0.01536  0.001379   0.06434        15       640    0.8557    0.7857    0.8166    0.5622   0.03611  0.007193  0.001645
   134/299        0G   0.04028   0.01433  0.001492    0.0561        15       640    0.9844    0.8571    0.8648    0.5807   0.03932  0.007356  0.001651
   135/299        0G   0.03967   0.01597   0.00154   0.05718        18       640    0.9428    0.8571    0.8573    0.6259   0.04201  0.007068   0.00179
   136/299        0G   0.04159   0.01597  0.002146   0.05971        22       640    0.9678    0.7857    0.8367    0.6277   0.04856  0.007016  0.002154
   137/299        0G   0.03967   0.01364  0.001557   0.05487        17       640    0.9537    0.7857    0.8351     0.581   0.04383  0.006701   0.00231
   138/299        0G   0.03966   0.01562  0.001604   0.05688        32       640    0.8376    0.8571    0.8435     0.658   0.04228  0.006715  0.002373
   139/299        0G   0.03666    0.0129  0.001767   0.05132        17       640    0.8388    0.8571    0.8435    0.6571   0.04102   0.00683  0.002415
   140/299        0G   0.04055   0.01448  0.001864    0.0569        12       640    0.8525    0.8571     0.851    0.6017   0.04245  0.006577  0.002473
   141/299        0G   0.03843   0.01543  0.001961   0.05583        18       640    0.9745    0.7857    0.8639    0.6653   0.03632  0.006863  0.002586
   142/299        0G   0.04067   0.01582  0.001508   0.05799        18       640    0.9973    0.7855    0.8785    0.6316   0.03758  0.007074  0.002637
   143/299        0G   0.03223   0.01237  0.002017   0.04662        25       640    0.9982    0.7857    0.8771    0.6581   0.03635  0.007062  0.002642
   144/299        0G   0.03705   0.01369  0.001682   0.05242        16       640    0.8691    0.7143     0.756    0.5565   0.03514  0.007014  0.002673
   145/299        0G   0.04364   0.01389  0.001067   0.05859        18       640    0.7393    0.9286    0.8568    0.5501   0.04907  0.006608  0.002513
   146/299        0G   0.04241   0.01248  0.001165   0.05606        16       640    0.8016    0.9286     0.896    0.6488   0.05016  0.006461  0.002337
   147/299        0G   0.04159   0.01252  0.001726   0.05584        13       640    0.9789    0.7857    0.8819     0.617   0.05061  0.006461  0.002212
   148/299        0G   0.04245   0.01537  0.001894   0.05971        18       640    0.9894    0.7856    0.8735    0.5525   0.05614  0.006892  0.002098
   149/299        0G   0.03847   0.01467   0.00154   0.05468        16       640    0.7764    0.7856    0.7788    0.5571   0.05605  0.006263  0.002025
   150/299        0G   0.03941   0.01287  0.001821   0.05409        17       640    0.9385    0.8571    0.9078    0.6166   0.05388  0.006275  0.001915
   151/299        0G   0.03584   0.01164  0.001391   0.04887        19       640    0.9343     0.857    0.9078    0.6248    0.0552  0.006373  0.001913
   152/299        0G   0.04102   0.01112  0.001581   0.05372        24       640    0.9947    0.7143    0.7612    0.5687   0.05778  0.006396  0.002108
   153/299        0G   0.04408    0.0133  0.001597   0.05898        13       640    0.9693    0.7857    0.8409    0.5846   0.05395  0.006516  0.002237
   154/299        0G   0.03509    0.0133  0.001658   0.05005        17       640    0.8426    0.8571    0.8481     0.573   0.05483  0.006765  0.002207
   155/299        0G   0.03593   0.01376  0.001727   0.05142        19       640    0.8364    0.8571    0.8353    0.5863   0.05488   0.00687  0.002306
   156/299        0G   0.03911   0.01285  0.001709   0.05366        19       640    0.6803    0.7857    0.7251    0.5292   0.05601  0.006879  0.002837
   157/299        0G   0.04579    0.0147  0.001374   0.06186        17       640    0.7085    0.7857    0.7424    0.5126   0.05541  0.006897  0.002934
   158/299        0G   0.03866   0.01322  0.001958   0.05384        14       640    0.8702    0.7141    0.8152    0.5926   0.05321  0.007036  0.002685
   159/299        0G   0.03815   0.01309  0.001474   0.05271        13       640    0.6376    0.8571    0.7959    0.5878   0.05178  0.007197  0.002379
   160/299        0G   0.03298   0.01141  0.001843   0.04623        19       640    0.6867    0.7857    0.7769    0.5804   0.04833  0.007403  0.002117
   161/299        0G   0.03686   0.01217  0.001674    0.0507        18       640    0.9252    0.7857    0.8178    0.5703   0.04483  0.007674  0.002149
   162/299        0G   0.04177   0.01312  0.001414    0.0563        15       640     0.883    0.7856    0.7983    0.6016    0.0397  0.007689  0.003439
   163/299        0G   0.03438   0.01283  0.001475   0.04868        17       640    0.8454    0.7857     0.805    0.6054   0.03368  0.007931   0.00368
   164/299        0G     0.038   0.01543  0.001125   0.05455        25       640    0.8488    0.7857    0.8028    0.5558   0.03594  0.007991   0.00478
   165/299        0G   0.04009   0.01285  0.001859    0.0548         7       640    0.8442    0.7857    0.8251    0.6094   0.03255  0.007931  0.005086
   166/299        0G   0.03691   0.01436  0.002391   0.05367        15       640    0.8466    0.7856    0.8298    0.6109   0.03209  0.007633  0.003751
   167/299        0G   0.03181   0.01152  0.001847   0.04518        14       640    0.9846    0.7857    0.8437     0.627   0.03165  0.007427  0.002413
   168/299        0G   0.03599   0.01246  0.001144    0.0496        18       640    0.9626    0.7856     0.876    0.5788   0.03652  0.006837  0.002201
   169/299        0G   0.03647   0.01406 0.0009861   0.05152        18       640    0.9661    0.7857    0.8571    0.5771   0.03886  0.006959  0.002081
   170/299        0G   0.03945   0.01301  0.003908   0.05637        16       640     0.955    0.7857    0.8711    0.6399   0.03831  0.006824  0.001961
   171/299        0G   0.03812   0.01283  0.001865   0.05282        15       640     0.939    0.7857    0.8787    0.6182    0.0336  0.006871  0.001862
   172/299        0G   0.03678   0.01238  0.001211   0.05037        17       640    0.9444    0.7855    0.8904    0.6119   0.03732  0.006556   0.00191
   173/299        0G   0.03688   0.01258  0.001006   0.05047        18       640    0.9176    0.8571    0.9021    0.6476   0.03458  0.006498   0.00202
   174/299        0G   0.03194   0.01163  0.001022   0.04459        19       640    0.9063    0.9279    0.9255    0.6792   0.03109  0.006464  0.001839
   175/299        0G   0.03242   0.01276  0.001117    0.0463        17       640    0.9249    0.9286    0.9254    0.6906   0.03446  0.006236  0.001849
   176/299        0G   0.02873   0.01158  0.002012   0.04231        14       640    0.9395    0.9283    0.9254    0.6501   0.03945  0.006035  0.001986
   177/299        0G   0.03542   0.01337  0.001494   0.05029        18       640     0.935    0.9284    0.9255    0.6473   0.03918  0.006156  0.002288
   178/299        0G   0.03341    0.0121 0.0008817    0.0464        19       640    0.9308    0.9286    0.9255    0.6595   0.04056  0.006123  0.002345
   179/299        0G   0.03291   0.01274  0.002226   0.04787        15       640     0.966    0.8571    0.9155    0.6214   0.04008  0.006217  0.002328
   180/299        0G   0.03638   0.01218  0.001478   0.05003        22       640    0.9269    0.9285    0.9255    0.6128   0.03847  0.006476  0.002302
   181/299        0G   0.03422   0.01253  0.001522   0.04827        16       640    0.9248    0.9285    0.9255    0.6297   0.03531  0.006428  0.002266
   182/299        0G    0.0312   0.01031   0.00139    0.0429        13       640    0.8517    0.9277    0.9157    0.6415   0.03493  0.006524  0.002276
   183/299        0G   0.03049   0.01239  0.001006   0.04389        24       640    0.7964    0.9286    0.8964    0.6203    0.0342  0.006722  0.002401
   184/299        0G   0.03105   0.01014  0.001209    0.0424        17       640    0.9271    0.9279    0.9256    0.6476   0.03746  0.006943  0.002413
   185/299        0G   0.03475   0.01486 0.0009329   0.05054        13       640    0.9266    0.9282    0.9253     0.648    0.0371  0.007061  0.002288
   186/299        0G   0.03276    0.0115 0.0008204   0.04509        18       640    0.9318    0.9286    0.9253     0.694   0.03337  0.006963  0.002158
   187/299        0G   0.03023   0.01335  0.001031   0.04461        22       640    0.9302    0.9286    0.9253    0.6928   0.03273   0.00684  0.002079
   188/299        0G   0.03144   0.01073  0.000849   0.04303        17       640    0.9258    0.9286    0.9253    0.6938   0.03602  0.006771  0.002136
   189/299        0G     0.035   0.01279 0.0007699   0.04855        18       640    0.9264    0.9284    0.9253    0.6904    0.0366  0.006759  0.002195
   190/299        0G   0.02774  0.009813  0.001765   0.03931        16       640    0.9272    0.9285    0.9254    0.7122   0.03826  0.006575  0.002238
   191/299        0G   0.02729     0.012 0.0009042   0.04019        20       640    0.9247    0.9283    0.9254    0.6971   0.03664  0.006421  0.002282
   192/299        0G   0.02928   0.01193 0.0009269   0.04214        13       640     0.951    0.8571    0.9156    0.7007    0.0338  0.006372  0.002329
   193/299        0G   0.03175   0.01141 0.0008938   0.04405        18       640    0.9235    0.9284    0.9257    0.7252   0.03252  0.006024  0.002355
   194/299        0G   0.02991   0.01176 0.0008051   0.04248        17       640    0.9268    0.9286    0.9258    0.7306   0.03448  0.005817   0.00234
   195/299        0G   0.02653  0.009607  0.001436   0.03757        15       640    0.9574    0.9285    0.9253    0.7228   0.03681  0.006107  0.002174
   196/299        0G   0.02843   0.01242  0.002553    0.0434        31       640    0.9597    0.9286    0.9253    0.6651    0.0372  0.005991  0.002177
   197/299        0G   0.03028   0.01184  0.001438   0.04355        19       640    0.9522    0.9286    0.9253    0.7154   0.03573  0.005935   0.00221
   198/299        0G    0.0307   0.01189   0.00136   0.04395        22       640    0.9365    0.9284    0.9254    0.6937   0.03522  0.005907  0.002239
   199/299        0G    0.0311   0.01305  0.001144   0.04529        23       640    0.9322    0.9284    0.9254    0.6845   0.03497   0.00594  0.002295
   200/299        0G   0.03061   0.01329  0.001275   0.04517        19       640    0.9267    0.9285    0.9255    0.6628    0.0363  0.006077  0.002271
   201/299        0G   0.03375    0.0137  0.001118   0.04857        23       640    0.9266    0.9284    0.9255    0.7345   0.03454  0.005968  0.002169
   202/299        0G   0.02982   0.01242  0.001199   0.04343        16       640    0.9213    0.9283    0.9255    0.6937   0.03611  0.006082  0.002099
   203/299        0G   0.03187  0.009197  0.001131    0.0422        11       640    0.9192    0.9284    0.9255    0.6599   0.03633  0.006244  0.001989
   204/299        0G    0.0358   0.01255  0.002827   0.05118        20       640    0.9224    0.9284    0.9256    0.6882   0.03688  0.006246  0.001858
   205/299        0G   0.03082   0.01078 0.0009161   0.04251        11       640    0.9228    0.9286    0.9256    0.6774   0.03489  0.006261  0.001466
   206/299        0G   0.02879   0.01126  0.000911   0.04096        25       640     0.925    0.9282    0.9257    0.6824   0.03464  0.006191  0.001498
   207/299        0G   0.03054   0.01278  0.001157   0.04448        21       640    0.8424    0.9109    0.8949     0.709   0.03474  0.006021  0.001611
   208/299        0G   0.02993   0.01116  0.001378   0.04246        13       640    0.9273    0.9286    0.9256    0.6935   0.03385  0.006384  0.001732
   209/299        0G   0.03015   0.01082 0.0008823   0.04185         9       640    0.9267    0.9286    0.9258    0.7013   0.03468  0.006617  0.001694
   210/299        0G   0.03168   0.01051    0.0013   0.04349        15       640     0.922    0.9286    0.9257    0.7218   0.03465  0.006693   0.00176
   211/299        0G   0.02911   0.01282   0.00108   0.04301        19       640    0.9099    0.9286    0.9258    0.7177   0.03524  0.006779  0.001802
   212/299        0G   0.02168   0.01161  0.001025   0.03431        21       640    0.9173    0.9286    0.9256    0.7167   0.03441  0.006579  0.001693
   213/299        0G   0.03317   0.01008 0.0008414   0.04409        11       640     0.927    0.9285    0.9256    0.6876   0.03462  0.006501  0.001643
   214/299        0G   0.02786     0.011 0.0008797   0.03974        20       640    0.9275    0.9285    0.9257    0.7074   0.03147  0.006519  0.001646
   215/299        0G   0.02541   0.01142  0.001016   0.03785        25       640    0.9246    0.9284    0.9256    0.6964   0.03088   0.00662  0.001711
   216/299        0G   0.02879   0.01093     0.001   0.04072        21       640    0.9186    0.9283    0.9255    0.6874   0.03171   0.00677  0.001947
   217/299        0G   0.03017   0.01196 0.0009566   0.04308        13       640    0.9415    0.8571    0.9156    0.6427    0.0311  0.007071  0.002042
   218/299        0G   0.02773   0.01016 0.0007278   0.03862        19       640    0.9323     0.857    0.9081    0.6704   0.03107  0.007129  0.002114
   219/299        0G   0.02693   0.00946 0.0008939   0.03728        16       640    0.9262     0.857    0.9081    0.6614   0.03169    0.0073  0.002166
   220/299        0G   0.03239   0.01183 0.0009403   0.04516        14       640    0.9244     0.857    0.9081    0.6527   0.03293  0.007326  0.002202
   221/299        0G   0.02603   0.01116 0.0009524   0.03814        17       640    0.9241    0.8571    0.9157     0.657   0.03286  0.007277   0.00218
   222/299        0G   0.03018   0.01033 0.0007895    0.0413        12       640     0.916    0.9047    0.9257    0.6948   0.03186  0.007048   0.00223
   223/299        0G   0.02782   0.01029  0.001356   0.03947        16       640    0.9167    0.9086    0.9256    0.6779    0.0304  0.007071  0.002261
   224/299        0G   0.02497   0.01144  0.000988   0.03739        18       640     0.919    0.9285    0.9255    0.6871   0.03015  0.007048  0.002262
   225/299        0G   0.02775   0.01021 0.0009043   0.03887        18       640    0.9214    0.9286    0.9255    0.6953   0.03149  0.007081  0.002288
   226/299        0G   0.02874  0.009941  0.001854   0.04053        15       640    0.9237    0.9286    0.9255    0.6953   0.02953  0.006993  0.002307
   227/299        0G   0.03013   0.01173 0.0006243   0.04248        17       640     0.927    0.9286    0.9255    0.6935   0.02965  0.006918  0.002292
   228/299        0G   0.02492   0.01093 0.0004912   0.03634        14       640    0.9325    0.9286    0.9255    0.6998   0.03169  0.006758  0.002288
   229/299        0G   0.02947  0.009477 0.0006327   0.03958        18       640    0.9405    0.9284    0.9255    0.7216   0.03349  0.006782  0.002227
   230/299        0G   0.02634   0.01108 0.0008562   0.03827        17       640     0.944    0.9286    0.9255    0.7041   0.02916  0.006612  0.002202
   231/299        0G   0.02538    0.0106  0.001319    0.0373        21       640    0.9426    0.9284    0.9255    0.7125   0.02858  0.006437  0.002155
   232/299        0G   0.02485   0.01234  0.000866   0.03806        26       640    0.9374    0.9285    0.9256    0.7112   0.02935  0.006508   0.00216
   233/299        0G   0.02664   0.01063 0.0005439   0.03781        17       640    0.9364    0.9285    0.9255    0.7382   0.03028  0.006465  0.002215
   234/299        0G    0.0273   0.00989  0.000654   0.03784        22       640    0.9338    0.9285    0.9255    0.7287   0.02955   0.00652  0.002273
   235/299        0G   0.02286  0.009245 0.0005484   0.03265        21       640    0.9314    0.9286    0.9255    0.7397   0.03105  0.006484  0.002309
   236/299        0G   0.02555   0.01033  0.001189   0.03707        18       640    0.9336    0.9286    0.9255    0.6971   0.03897   0.00645  0.002299
   237/299        0G   0.02835   0.01051 0.0007463    0.0396        19       640    0.9346    0.9286    0.9255    0.7303   0.04088  0.006621  0.002227
   238/299        0G   0.02543   0.01103 0.0007488   0.03721        23       640    0.9357    0.9286    0.9256    0.7443   0.03761  0.006412  0.002184
   239/299        0G    0.0223  0.009464 0.0005153   0.03228        18       640    0.9358    0.9285    0.9256    0.7423   0.03449  0.006314  0.002087
   240/299        0G   0.02707    0.0105 0.0005665   0.03813        16       640    0.9378    0.9286    0.9256    0.7155   0.03617  0.006267  0.002094
   241/299        0G   0.02804  0.009804 0.0005738   0.03841        18       640    0.9469    0.9284    0.9256    0.7107   0.03614   0.00628  0.002152
   242/299        0G   0.02556   0.01122  0.001301   0.03808        27       640    0.9513    0.9285    0.9256     0.719   0.03601  0.006289   0.00207
   243/299        0G   0.02373   0.01114 0.0007213   0.03559        23       640    0.9529    0.9286    0.9256    0.7285   0.03446  0.006296   0.00209
   244/299        0G   0.02729   0.01006 0.0006727   0.03802        16       640    0.9546    0.9286    0.9257    0.7081   0.03291  0.006338  0.002104
   245/299        0G   0.02398   0.01064 0.0006033   0.03522        21       640    0.9556    0.9286    0.9256    0.7484   0.03149  0.006077  0.002102
   246/299        0G   0.02394  0.009344 0.0007292   0.03401        13       640    0.9553    0.9286    0.9257    0.7624   0.03062  0.005978  0.002065
   247/299        0G   0.02788   0.01077  0.000778   0.03943        17       640    0.9551    0.9286    0.9256    0.7661   0.03013   0.00591  0.002064
   248/299        0G   0.02361   0.01105 0.0006667   0.03533        16       640    0.9572    0.9286    0.9256    0.7477   0.03073  0.005908  0.002026
   249/299        0G   0.02425  0.008754 0.0004714   0.03347        11       640    0.9578    0.9286    0.9256    0.7367   0.03145  0.005999   0.00198
   250/299        0G   0.02716  0.008964  0.002123   0.03825        14       640     0.957    0.9286    0.9257      0.74   0.03276  0.006137  0.001912
   251/299        0G   0.02202  0.009162  0.000644   0.03183        18       640    0.9543    0.9286    0.9257    0.7132   0.03221  0.006252  0.001894
   252/299        0G   0.02465   0.01037  0.006192   0.04121        17       640    0.9527    0.9286    0.9257    0.6875   0.03785  0.006148  0.001412
   253/299        0G   0.02439  0.009941 0.0006081   0.03494        19       640     0.949    0.9286    0.9257     0.731   0.03804  0.006049  0.001184
   254/299        0G    0.0245  0.008489 0.0007763   0.03377        15       640    0.9468    0.9286    0.9257    0.7374   0.03851  0.005814  0.001149
   255/299        0G   0.02285   0.01059 0.0006787   0.03412        22       640    0.9435    0.9284    0.9256    0.7107   0.03883  0.005676  0.001152
   256/299        0G    0.0258   0.01053  0.001135   0.03747        18       640    0.9366    0.9284    0.9257    0.7449    0.0363   0.00569   0.00112
   257/299        0G   0.02687   0.01065 0.0007517   0.03827        18       640    0.9315    0.9286    0.9258    0.7142   0.03436  0.005789  0.001181
   258/299        0G   0.02146  0.008989  0.000768   0.03122        19       640    0.9277    0.9285    0.9258    0.7066   0.03335  0.006016   0.00122
   259/299        0G   0.02212   0.01011 0.0007267   0.03296        11       640    0.9253    0.9285    0.9258    0.7376   0.03265    0.0061  0.001267
   260/299        0G   0.02035  0.009216 0.0007596   0.03033        18       640    0.9253    0.9285    0.9258     0.725   0.03405  0.006409  0.001354
   261/299        0G   0.02463   0.01033 0.0007109   0.03567        14       640    0.9263    0.9284    0.9258    0.7156   0.03222  0.006422  0.001396
   262/299        0G   0.02501   0.01123  0.000665   0.03691        16       640    0.9266    0.9285    0.9258    0.7445   0.03142  0.006545  0.001429
   263/299        0G   0.02379  0.008471 0.0006305   0.03289        18       640     0.926    0.9285    0.9258    0.7296   0.03057  0.006591  0.001467
   264/299        0G   0.02473   0.01081 0.0006408   0.03617        21       640    0.9269    0.9285    0.9258    0.7464   0.03241   0.00665  0.001494
   265/299        0G   0.02392    0.0102    0.0012   0.03532        21       640    0.9256    0.9285    0.9258    0.7515   0.03068  0.006732  0.001518
   266/299        0G   0.02373   0.00904 0.0005966   0.03336        15       640    0.9241    0.9286    0.9258    0.7558   0.02958  0.006731  0.001534
   267/299        0G   0.02242   0.01074 0.0005263   0.03369        18       640    0.9242    0.9285    0.9258    0.7555   0.02955  0.006698  0.001545
   268/299        0G   0.02429  0.008784 0.0007831   0.03386        23       640    0.9268    0.9285    0.9258     0.756    0.0311  0.006647   0.00157
   269/299        0G   0.02123  0.008904  0.001173    0.0313        14       640    0.9252    0.9285    0.9258    0.7388    0.0313  0.006497  0.001526
   270/299        0G   0.02138  0.009698 0.0006069   0.03168        16       640    0.9237    0.9285    0.9258    0.7448   0.03073  0.006342  0.001546
   271/299        0G   0.02164   0.00908 0.0006591   0.03138        13       640    0.9221    0.9285    0.9258    0.7333   0.03015  0.006246  0.001547
   272/299        0G   0.02116  0.008971 0.0004279   0.03056        18       640     0.921    0.9285    0.9258    0.7135   0.03106  0.006183  0.001537
   273/299        0G   0.02275  0.009477 0.0005169   0.03275        14       640    0.9204    0.9285    0.9258     0.742   0.02915  0.006324  0.001504
   274/299        0G   0.02315  0.009287  0.000519   0.03296        16       640    0.9195    0.9285    0.9258    0.7275   0.02931  0.006361  0.001461
   275/299        0G   0.02383  0.009699 0.0004869   0.03401        25       640    0.9195    0.9285    0.9257    0.7275   0.02974  0.006375  0.001463
   276/299        0G   0.01966  0.008189 0.0005805   0.02843        10       640    0.9682    0.8571    0.9158    0.7227   0.02951  0.006465  0.001525
   277/299        0G   0.02057  0.009125  0.000458   0.03016        20       640    0.9671    0.8571    0.9159    0.7255   0.02974  0.006677   0.00155
   278/299        0G   0.02425   0.01074 0.0005418   0.03554        14       640    0.9682    0.8571    0.9159    0.7057   0.02959  0.006537  0.001643
   279/299        0G     0.022  0.008584 0.0006308   0.03122        10       640    0.9194    0.9285    0.9259    0.7112   0.02966  0.006465  0.001711
   280/299        0G   0.01896    0.0083 0.0005333   0.02779        19       640     0.922    0.9285    0.9258    0.7218    0.0295  0.006505  0.001711
   281/299        0G   0.02538  0.008543 0.0004609   0.03439        19       640    0.9241    0.9285    0.9258    0.6992   0.03021  0.006475  0.001744
   282/299        0G   0.02094  0.009435 0.0003942   0.03077        14       640    0.9249    0.9285    0.9259    0.7231   0.03002  0.006447  0.001803
   283/299        0G   0.02361  0.009817 0.0004045   0.03383        23       640    0.9245    0.9286    0.9259    0.7146   0.02923  0.006423  0.001879
   284/299        0G    0.0219  0.008472 0.0007765   0.03114        15       640    0.9273    0.9285    0.9258    0.7389   0.02912  0.006278  0.001895
   285/299        0G   0.02126  0.009645 0.0004049   0.03131        11       640    0.9288    0.9285    0.9258    0.7156   0.02981    0.0063  0.001904
   286/299        0G   0.02424  0.009304 0.0005789   0.03413        23       640    0.9298    0.9285    0.9258     0.729    0.0297  0.006219   0.00195
   287/299        0G   0.02185   0.00951 0.0005216   0.03188        18       640      0.93    0.9286    0.9258    0.7481   0.02948  0.006071  0.001982
   288/299        0G   0.02188  0.008236  0.000413   0.03053        18       640    0.9373    0.9285    0.9258    0.7694   0.02905  0.005819  0.001913
   289/299        0G   0.02362   0.01072 0.0008463   0.03519        18       640      0.94    0.9285    0.9257    0.7694   0.02842  0.005784  0.001867
   290/299        0G   0.02052  0.009003 0.0004266   0.02994        15       640    0.9425    0.9286    0.9257    0.7567   0.02874  0.005736  0.001822
   291/299        0G   0.02217  0.009902 0.0004332   0.03251        16       640    0.9433    0.9286    0.9257    0.7567   0.02907  0.005665  0.001816
   292/299        0G   0.01867  0.008921 0.0004347   0.02802        21       640    0.9451    0.9285    0.9258    0.7487   0.02892   0.00566  0.001774
   293/299        0G   0.02012  0.008415 0.0006516   0.02919        15       640    0.9448    0.9285    0.9258    0.7319   0.03064  0.005725  0.001744
   294/299        0G   0.02337   0.01049 0.0004699   0.03433        24       640    0.9426    0.9286    0.9258    0.7445    0.0303  0.005739  0.001782
   295/299        0G    0.0217  0.009002 0.0005499   0.03126        20       640    0.9409    0.9285    0.9258    0.7446   0.03023  0.005832  0.001804
   296/299        0G   0.02296  0.008774 0.0004451   0.03218        16       640    0.9395    0.9286    0.9257    0.6861   0.03258  0.006095  0.001811
   297/299        0G   0.02407  0.008793 0.0003867   0.03325        18       640    0.9364    0.9286    0.9258    0.7275   0.03122  0.006021   0.00179
   298/299        0G   0.02478   0.00867  0.002631   0.03608        19       640    0.9368    0.9286    0.9258    0.7259    0.0312  0.006017  0.001667
   299/299        0G   0.02484  0.008812 0.0005665   0.03422        21       640    0.9347    0.9284    0.9257    0.7315   0.03171  0.006032  0.001624
