     0/299        0G     0.115   0.03808   0.03125    0.1844        20       640    0.1646     0.125   0.04476  0.004582     0.113   0.02855    0.0311
     1/299        0G    0.1117   0.03686   0.03123    0.1798        31       640    0.1654     0.125   0.04365   0.00867    0.1047   0.02583   0.02969
     2/299        0G    0.1053   0.03449   0.02962    0.1694        19       640  0.007649       0.2  0.005094 0.0006146   0.09555   0.02375   0.02885
     3/299        0G    0.1009   0.03495   0.02867    0.1646        29       640   0.01983       0.2   0.01435  0.003413   0.08304   0.02227   0.02779
     4/299        0G   0.09502   0.03275   0.02753    0.1553        23       640   0.02931      0.15    0.0207   0.00571   0.07613   0.02053   0.02628
     5/299        0G   0.09256   0.03327   0.02649    0.1523        27       640    0.6226      0.15   0.09558   0.04732   0.07176   0.01975   0.02491
     6/299        0G   0.08818   0.03162   0.02556    0.1454        24       640    0.7607      0.25     0.231    0.1048   0.06759   0.01864    0.0233
     7/299        0G   0.08592   0.03633   0.02378     0.146        28       640    0.3831    0.3687    0.2782    0.1241   0.06228   0.01768   0.02211
     8/299        0G   0.08415   0.03335   0.02286    0.1404        33       640    0.3473     0.425    0.3278    0.1789   0.05846   0.01676   0.02065
     9/299        0G   0.08337   0.03292   0.02174     0.138        21       640    0.3517     0.525    0.3876    0.2307   0.05451   0.01578   0.02018
    10/299        0G   0.07526   0.03051   0.01991    0.1257        26       640    0.6407     0.525    0.5485    0.3312   0.05064   0.01476   0.01946
    11/299        0G   0.07631   0.03111   0.01915    0.1266        21       640    0.6642     0.575    0.5559    0.3216   0.05019   0.01379   0.01891
    12/299        0G   0.07183   0.03148   0.01826    0.1216        27       640    0.7163     0.575    0.5732    0.3335   0.04735   0.01287   0.01799
    13/299        0G   0.06927   0.03063   0.01774    0.1176        18       640    0.7274     0.625    0.5736     0.277   0.04607   0.01226   0.01654
    14/299        0G   0.07078   0.03395   0.01641    0.1211        27       640    0.6985     0.625     0.584    0.3174   0.04647   0.01164   0.01506
    15/299        0G    0.0661   0.03044   0.01449     0.111        33       640    0.5691     0.625    0.5568     0.316   0.04179   0.01138   0.01405
    16/299        0G   0.06804   0.03127   0.01628    0.1156        24       640    0.8498      0.35    0.4011    0.1442   0.04778   0.01097   0.01288
    17/299        0G    0.0688   0.02907   0.01503    0.1129        28       640    0.6001     0.575    0.4582    0.2045    0.0445    0.0108   0.01213
    18/299        0G   0.06917   0.02611   0.01302    0.1083        21       640    0.7669     0.625    0.6287    0.3405   0.04126   0.01071    0.0111
    19/299        0G   0.06837    0.0295    0.0123    0.1102        29       640    0.8204     0.625    0.5914    0.2804   0.04232   0.01038   0.00979
    20/299        0G   0.06709   0.02809   0.01246    0.1076        23       640    0.4587     0.625    0.5498    0.2953   0.04744   0.00979  0.009078
    21/299        0G   0.06595    0.0314   0.01205    0.1094        28       640    0.7325     0.625    0.6307    0.4339   0.04054  0.009658  0.008322
    22/299        0G   0.06741   0.02559   0.01008    0.1031        27       640    0.7129     0.625    0.6335    0.3324   0.04547  0.009427   0.00857
    23/299        0G   0.06603   0.02655   0.01018    0.1028        19       640    0.7403     0.625    0.6435     0.238   0.04409  0.009548  0.008415
    24/299        0G   0.06625   0.02596  0.009795     0.102        20       640     0.717     0.575    0.5879    0.3354   0.04107  0.009344  0.008242
    25/299        0G   0.06412   0.03084  0.009659    0.1046        31       640    0.4712     0.625    0.5419    0.2784   0.04004  0.009004  0.007821
    26/299        0G   0.06478   0.02504  0.008337   0.09815        25       640    0.5405      0.75    0.6627    0.3805    0.0421  0.008837  0.007158
    27/299        0G     0.066   0.02673  0.007947    0.1007        27       640    0.7699     0.575     0.636    0.3108    0.0426  0.008666  0.007498
    28/299        0G    0.0644   0.02518  0.009007   0.09858        20       640    0.4656    0.7497    0.5977    0.3498   0.04441  0.008261  0.007641
    29/299        0G   0.06433   0.02481  0.008177   0.09731        14       640    0.4465     0.875     0.574    0.2341   0.04082   0.00847  0.006747
    30/299        0G   0.06369   0.02508  0.007204   0.09597        35       640    0.5193    0.8745    0.6466    0.3363   0.04107  0.008325  0.005609
    31/299        0G   0.06593     0.027  0.005848   0.09878        27       640    0.3871    0.8705    0.6408    0.2467   0.04481  0.008208  0.005395
    32/299        0G   0.06644   0.02511  0.005763   0.09731        23       640    0.5194    0.7488    0.5374    0.2142   0.04408  0.008291  0.004636
    33/299        0G   0.06447    0.0269  0.006644   0.09802        19       640    0.6425    0.5736    0.5546     0.222   0.04766  0.007967  0.006403
    34/299        0G   0.06283   0.02311  0.005826   0.09177        14       640    0.3931    0.7487    0.4655    0.2118   0.04248   0.00796  0.006747
    35/299        0G   0.06344   0.02664  0.005131    0.0952        25       640    0.6769    0.4745     0.557    0.2859    0.0386   0.00804  0.006037
    36/299        0G   0.06102   0.02648  0.004309   0.09182        38       640    0.4048    0.7167    0.4898    0.2399   0.03709  0.008283  0.005177
    37/299        0G   0.06311   0.02249  0.005226   0.09083        37       640    0.4576    0.6999    0.4914    0.2148   0.04142  0.008213  0.003643
    38/299        0G   0.05972   0.02219  0.004082   0.08599        22       640    0.7297    0.5576    0.5245    0.1924   0.05084  0.007712  0.004092
    39/299        0G   0.06419   0.01997  0.004605   0.08877        15       640    0.4253     0.575    0.4293    0.1411    0.0594  0.007239  0.004857
    40/299        0G   0.06818   0.02328  0.004257   0.09572        28       640    0.4869    0.6489    0.5968    0.2694   0.04282  0.007637  0.004167
    41/299        0G   0.06128   0.02375  0.004404   0.08943        24       640    0.4429       0.7    0.5236    0.2198    0.0395  0.007877  0.004635
    42/299        0G   0.06864    0.0215   0.00448   0.09461        27       640    0.3314      0.75    0.5283    0.2244    0.0494  0.007456  0.004952
    43/299        0G   0.06914   0.02403   0.00404   0.09721        28       640    0.8567     0.575    0.6179      0.35   0.03752  0.007602  0.005884
    44/299        0G   0.06211    0.0222  0.004454   0.08876        32       640    0.5687    0.8717    0.7093    0.3483   0.04787  0.007331  0.004453
    45/299        0G   0.05892   0.02046   0.00399   0.08338        25       640    0.6147    0.8242    0.6214     0.337   0.04148  0.007658  0.004781
    46/299        0G   0.05491   0.02119  0.003833   0.07993        22       640    0.9372      0.35    0.3955    0.2506   0.05249  0.007058  0.005116
    47/299        0G   0.05783   0.02193  0.002651   0.08241        28       640    0.4899     0.525    0.4905    0.2584    0.0482  0.007179  0.004502
    48/299        0G   0.05913   0.02073  0.003965   0.08382        27       640    0.7949     0.575    0.6222    0.2757    0.0425  0.006726  0.004742
    49/299        0G   0.05975   0.01987  0.003152   0.08278        25       640    0.7822     0.575    0.5134    0.1815   0.05532  0.006549  0.004865
    50/299        0G   0.06729   0.01985  0.003068   0.09021        27       640    0.9319    0.4257    0.6052    0.3356   0.04542  0.006766  0.004746
    51/299        0G   0.06215   0.01918  0.003561   0.08488        21       640    0.6438       0.7    0.6494    0.3518   0.05088  0.006758  0.004256
    52/299        0G   0.06163   0.02214  0.003367   0.08714        20       640    0.6728    0.6777    0.5808    0.2507    0.0432  0.006821   0.00412
    53/299        0G   0.05626   0.02073  0.003445   0.08044        26       640    0.4409       0.7    0.4341    0.2387   0.04849  0.006824  0.004172
    54/299        0G   0.06017   0.02018    0.0029   0.08325        30       640     0.689    0.7381    0.6873    0.3623   0.04196  0.007412  0.006613
    55/299        0G   0.05902   0.02116  0.004183   0.08436        26       640    0.7573    0.4683    0.4889    0.1634   0.05004  0.007532   0.00443
    56/299        0G   0.06115   0.01829  0.003679   0.08311        22       640    0.8267     0.575    0.5331    0.2119   0.04882  0.006315  0.003486
    57/299        0G   0.05452   0.01827  0.003424   0.07621        17       640    0.5055      0.65    0.5423    0.2792   0.04506  0.006523  0.003927
    58/299        0G   0.05635   0.01892  0.003578   0.07884        31       640    0.8627     0.575    0.5973    0.2873   0.03875  0.006753  0.004178
    59/299        0G   0.05328   0.01865  0.003776    0.0757        15       640    0.5631       0.7    0.6198     0.338   0.04408  0.006707  0.002859
    60/299        0G    0.0531   0.02035  0.004511   0.07796        15       640    0.3355     0.525    0.3603   0.09915   0.05002  0.006688  0.004139
    61/299        0G   0.06119   0.01953  0.003815   0.08453        19       640    0.4575    0.5493    0.5067    0.2065   0.05002  0.006219  0.003638
    62/299        0G   0.06171   0.01697  0.004055   0.08274        21       640    0.3841    0.6489     0.509    0.1386   0.06643   0.00589  0.003425
    63/299        0G   0.06655   0.01913  0.004079   0.08975        26       640    0.7497    0.5658    0.6197    0.2631   0.04734  0.005894  0.003655
    64/299        0G    0.0694   0.01987  0.003884   0.09315        26       640    0.4647    0.5237    0.5202    0.3014   0.05901  0.006109  0.003921
    65/299        0G   0.06367   0.01983  0.004101    0.0876        25       640    0.6745       0.7    0.6568    0.4239   0.04886  0.006286  0.003959
    66/299        0G   0.05623   0.01907  0.003734   0.07904        18       640         1     0.581    0.7366    0.4023   0.04798   0.00617  0.003364
    67/299        0G   0.05156   0.01619  0.003524   0.07128        22       640     0.814     0.575    0.6078    0.2502   0.04524  0.006948  0.003287
    68/299        0G   0.06206   0.01713  0.003404    0.0826        30       640    0.9641     0.525    0.6189    0.3504   0.05215  0.006985  0.003508
    69/299        0G   0.05787   0.01832  0.003295   0.07949        26       640    0.8163     0.575    0.6313    0.3964   0.04959  0.006632   0.00353
    70/299        0G   0.05567   0.01886  0.003951   0.07848        28       640     0.703     0.575    0.6399    0.3654   0.04481  0.006741    0.0028
    71/299        0G   0.05078   0.01918  0.003438    0.0734        19       640    0.5146      0.75    0.6357    0.3582   0.04064   0.00686  0.002702
    72/299        0G   0.05141   0.01804  0.003101   0.07255        19       640    0.9898     0.575     0.666    0.3228   0.03737  0.009769  0.002044
    73/299        0G    0.0516   0.01856  0.002935   0.07309        26       640    0.8098    0.6942    0.6055    0.2974   0.04994  0.008934  0.001896
    74/299        0G   0.05751   0.02078  0.002694   0.08098        33       640    0.6473    0.6498    0.5735    0.3159   0.04473  0.008373  0.002595
    75/299        0G   0.05182   0.01863  0.002865   0.07331        22       640    0.8777    0.6842    0.6914    0.3377   0.04534  0.007674  0.002321
    76/299        0G   0.05111   0.01804  0.002604   0.07175        23       640    0.8182    0.5673    0.6056    0.3009    0.0458  0.007987  0.002614
    77/299        0G   0.05267   0.01621  0.002495   0.07138        27       640    0.9401     0.575    0.6271    0.2369   0.04724  0.007558  0.002938
    78/299        0G   0.05251   0.01908  0.003105    0.0747        29       640    0.7531    0.6994    0.6549    0.2718    0.0387  0.006717  0.003165
    79/299        0G   0.04998   0.01833  0.002745   0.07105        23       640    0.6929    0.6517    0.6277    0.2782   0.03973  0.006064  0.003403
    80/299        0G   0.05049   0.01738  0.002439   0.07031        28       640    0.7377    0.6683    0.6255    0.2678   0.04041  0.006398  0.002275
    81/299        0G   0.05007   0.02013   0.00354   0.07374        22       640      0.69      0.75      0.62      0.42   0.03896  0.006345  0.002315
    82/299        0G   0.04708   0.01751   0.00317   0.06776        30       640     0.606       0.7    0.5819    0.3446   0.03856  0.006311  0.002757
    83/299        0G     0.045    0.0151  0.003444   0.06354        18       640    0.6577       0.7     0.605    0.3721   0.03396  0.006759   0.00226
    84/299        0G   0.04919   0.01697   0.00289   0.06905        32       640     0.909      0.45    0.4418    0.3087   0.04619  0.006526  0.002897
    85/299        0G   0.05152    0.0163  0.002752   0.07057        23       640    0.8195     0.575    0.5879    0.3993   0.04155   0.00672  0.003277
    86/299        0G   0.04892    0.0162  0.002289    0.0674        33       640    0.9704     0.575    0.6297      0.39   0.03701  0.006433  0.003683
    87/299        0G   0.04614   0.01683   0.00221   0.06518        25       640     0.729     0.575    0.5437    0.3434   0.03752  0.006379  0.004135
    88/299        0G   0.04717   0.01783   0.00323   0.06823        22       640    0.8834     0.575    0.6029    0.3118   0.03659  0.006865  0.001843
    89/299        0G   0.04566   0.01587  0.002562   0.06409        27       640    0.6063     0.699    0.6714    0.3883   0.03543  0.006897   0.00155
    90/299        0G   0.04563   0.01625  0.002762   0.06464        24       640    0.5957       0.7    0.6608    0.3769   0.03726  0.007186  0.001518
    91/299        0G   0.04502    0.0161  0.002293   0.06341        23       640     0.418    0.5746    0.5266    0.3087   0.03612  0.007649  0.001441
    92/299        0G   0.04531    0.0154  0.002695    0.0634        24       640     0.999    0.5466    0.6355    0.3348   0.03612   0.00807  0.001212
    93/299        0G   0.04654   0.01634  0.003291   0.06617        23       640    0.5542     0.575    0.5168    0.3408   0.03777  0.007852  0.001852
    94/299        0G   0.04506   0.01639  0.002339   0.06379        27       640    0.5568     0.575    0.4756    0.2353   0.04485  0.006422  0.004444
    95/299        0G   0.04311   0.01761   0.00175   0.06247        25       640    0.5432     0.525    0.4878    0.2707   0.04313  0.006369   0.00532
    96/299        0G   0.04337   0.01585  0.002683   0.06191        18       640    0.9877    0.5322    0.5954    0.4399   0.03637   0.00644  0.002948
    97/299        0G   0.04073   0.01486  0.001838   0.05742        24       640    0.8025    0.6999    0.6172     0.329   0.03611  0.006512  0.002343
    98/299        0G   0.04672   0.01696  0.001576   0.06526        21       640    0.7032       0.7    0.6359    0.4077   0.03474  0.006806  0.002563
    99/299        0G   0.04262   0.01457  0.002063   0.05925        25       640    0.6636    0.6993    0.6557    0.3038   0.03273  0.007193  0.001716
   100/299        0G   0.03971   0.01622  0.002029   0.05795        23       640    0.8221       0.7    0.6604      0.36   0.03595  0.006303  0.003498
   101/299        0G   0.04118    0.0168  0.001513   0.05949        32       640    0.8251       0.7    0.6646    0.3993   0.03538  0.006251  0.003575
   102/299        0G   0.04306   0.01842  0.001353   0.06283        34       640    0.8216    0.6997    0.6716    0.4258   0.03408  0.006009  0.003698
   103/299        0G   0.04155    0.0164  0.001806   0.05975        25       640    0.9597       0.7     0.705    0.4591   0.03562  0.005751  0.003543
   104/299        0G   0.04114   0.01513  0.002843   0.05911        30       640     0.867    0.7498    0.7469    0.4952   0.03212  0.006087   0.00466
   105/299        0G    0.0385   0.01609  0.001779   0.05636        22       640    0.7673      0.75    0.7057    0.5185   0.03286  0.006603  0.003108
   106/299        0G   0.03719    0.0158  0.001511    0.0545        24       640    0.9615    0.6999     0.746    0.4962   0.03094  0.006935  0.002558
   107/299        0G   0.04401   0.01474  0.001646    0.0604        23       640    0.7418     0.575    0.5569    0.3987    0.0422   0.00669  0.001873
   108/299        0G   0.04378   0.01546  0.002959    0.0622        22       640         1    0.7231    0.7649    0.4838   0.03189  0.006507  0.002828
   109/299        0G    0.0419   0.01742  0.001698   0.06102        22       640    0.8264       0.7    0.6535     0.379   0.04044  0.006085  0.002959
   110/299        0G   0.04272   0.01725  0.002324   0.06229        18       640    0.9836    0.6998    0.7577    0.4615   0.03435  0.005798  0.003217
   111/299        0G   0.03794   0.01743  0.001932    0.0573        35       640    0.8298     0.825    0.7985    0.4907   0.03507  0.005674  0.003096
   112/299        0G   0.04108   0.01564  0.001958   0.05868        32       640    0.9726       0.7    0.7639    0.4633   0.03453  0.006097  0.002621
   113/299        0G   0.03693   0.01466  0.001836   0.05342        26       640     0.975    0.6999    0.7042    0.5226   0.03281  0.005791   0.00279
   114/299        0G   0.03694   0.01576  0.001493   0.05419        25       640    0.9855       0.7    0.7204    0.5024   0.03264  0.005554  0.002682
   115/299        0G   0.03793   0.01462  0.001611   0.05416        20       640    0.9625       0.7    0.7392    0.4874   0.03188  0.006192  0.001742
   116/299        0G   0.04064   0.01648  0.001647   0.05876        25       640    0.6186       0.7    0.6375    0.3813   0.03559  0.006485  0.002725
   117/299        0G   0.04013   0.01401  0.001487   0.05562        32       640    0.9888       0.7    0.7226       0.4   0.03612  0.005839  0.002882
   118/299        0G   0.03938   0.01488  0.001535   0.05579        29       640    0.9884    0.8246    0.8318    0.4896    0.0368  0.005689   0.00318
   119/299        0G   0.03481   0.01463  0.001637   0.05108        21       640    0.8569     0.825    0.8212    0.5268   0.03454  0.005649  0.002856
   120/299        0G   0.03656   0.01459  0.001377   0.05253        31       640    0.8328       0.7    0.6721    0.4651   0.03293  0.005901  0.002383
   121/299        0G    0.0343   0.01387  0.001584   0.04975        17       640    0.8528    0.8747    0.8443    0.5698   0.03117  0.005675  0.001479
   122/299        0G   0.03633   0.01399  0.001645   0.05196        37       640    0.9796    0.7499    0.7451    0.4606   0.03582    0.0057  0.001675
   123/299        0G   0.03712   0.01438  0.001495   0.05299        34       640     0.734      0.75    0.6826    0.4503   0.03525  0.005725   0.00185
   124/299        0G   0.03673    0.0136  0.001178   0.05151        31       640    0.8263       0.7    0.6941    0.4847   0.03104  0.006214  0.003791
   125/299        0G   0.03357    0.0142  0.002484   0.05025        25       640    0.6419       0.7    0.5546    0.3567   0.03419  0.006297  0.003826
   126/299        0G    0.0318    0.0146  0.001119   0.04751        37       640    0.6336       0.7    0.5337    0.3942   0.03584  0.006109  0.003567
   127/299        0G   0.03532   0.01349  0.001362   0.05017        20       640    0.9859    0.6994    0.6975      0.49   0.03481   0.00611  0.003453
   128/299        0G   0.04126     0.013  0.002003   0.05626        23       640    0.9937       0.7    0.7328    0.4491   0.03657  0.005654  0.003054
   129/299        0G   0.03487   0.01373  0.001268   0.04988        35       640    0.9895       0.7    0.7586    0.5093   0.03378  0.005485  0.003229
   130/299        0G   0.03525   0.01452  0.001758   0.05153        31       640    0.9887       0.7    0.7013    0.4982   0.03645   0.00529  0.003318
   131/299        0G   0.03386   0.01387  0.001471    0.0492        27       640    0.7134     0.825    0.6753    0.4472    0.0325  0.005625  0.003193
   132/299        0G   0.03572   0.01424   0.00196   0.05192        28       640    0.7152    0.8247    0.7201    0.4725   0.03138   0.00619  0.002772
   133/299        0G   0.03425   0.01526   0.00162   0.05113        26       640      0.77    0.8218     0.755     0.499    0.0289  0.006332  0.002859
   134/299        0G   0.03293   0.01316   0.00111    0.0472        17       640    0.8253     0.775    0.8197    0.4813   0.03472  0.006218  0.004383
   135/299        0G   0.03564   0.01416  0.001199     0.051        25       640    0.8269    0.7749    0.8299     0.547   0.02897  0.006147  0.004111
   136/299        0G   0.03569   0.01436  0.001237    0.0513        25       640    0.8324     0.775    0.8299    0.5322   0.03824   0.00601  0.002182
   137/299        0G   0.03489   0.01339 0.0009346   0.04921        25       640    0.7924     0.825    0.8036    0.5132   0.03077  0.005719  0.001887
   138/299        0G    0.0361   0.01418 0.0009017   0.05117        26       640    0.8618     0.825    0.8237    0.4327   0.03762  0.005539  0.002182
   139/299        0G    0.0381   0.01493 0.0009348   0.05396        30       640    0.9724     0.825    0.8658    0.5088   0.02894  0.005639  0.001314
   140/299        0G   0.03791   0.01495  0.001274   0.05413        31       640    0.9964       0.7     0.746    0.4887   0.03107  0.004994  0.001466
   141/299        0G   0.03444   0.01396  0.001231   0.04964        33       640    0.9854       0.7    0.7577    0.4893   0.02985  0.005283  0.001205
   142/299        0G   0.03409   0.01241    0.0012    0.0477        17       640    0.9789       0.7    0.7389    0.4052   0.03589  0.005813 0.0009959
   143/299        0G    0.0308   0.01501  0.001241   0.04705        21       640    0.9994    0.7254    0.7466    0.4751    0.0312   0.00577 0.0008724
   144/299        0G   0.03105   0.01504  0.001009    0.0471        32       640         1    0.7404    0.7572     0.441   0.03837  0.005339 0.0008999
   145/299        0G   0.03309   0.01272  0.001458   0.04727        20       640    0.7145      0.75    0.6829    0.4231   0.03132  0.005712 0.0009943
   146/299        0G   0.03028   0.01242  0.001239   0.04394        22       640    0.8331    0.7329    0.7038     0.427   0.03038  0.005529 0.0009128
   147/299        0G   0.03037   0.01372 0.0008461   0.04494        23       640    0.9908       0.7    0.7644    0.5105   0.02878  0.005891  0.001102
   148/299        0G   0.03404   0.01392 0.0009182   0.04888        24       640    0.9877       0.7    0.7294    0.4475   0.02978  0.005751  0.002126
   149/299        0G   0.03356   0.01253  0.001196   0.04728        21       640     0.968       0.7    0.7374    0.4434   0.03257  0.005423  0.002479
   150/299        0G   0.03145   0.01406  0.001211   0.04673        28       640    0.7035     0.825    0.6949     0.392   0.03262  0.006118  0.002423
   151/299        0G   0.02948   0.01341  0.001037   0.04392        25       640    0.7347     0.575    0.5563    0.3734   0.03319   0.00596  0.002634
   152/299        0G   0.03099   0.01349 0.0009209    0.0454        18       640    0.8145       0.7     0.704    0.3605   0.03429  0.006465   0.00234
   153/299        0G   0.03103   0.01195  0.000908   0.04389        21       640     0.657     0.575    0.5285    0.3566   0.03237  0.006926  0.002038
   154/299        0G    0.0329   0.01242  0.001031   0.04636        30       640    0.7418     0.575    0.5707    0.3937    0.0309  0.006692  0.002029
   155/299        0G   0.03031    0.0133 0.0008479   0.04446        26       640    0.9873       0.7    0.8137    0.4196   0.03017  0.006496   0.00246
   156/299        0G   0.02651   0.01269 0.0008407   0.04004        20       640    0.7049       0.7     0.695    0.4447    0.0286  0.006048  0.002761
   157/299        0G   0.02896   0.01178 0.0007061   0.04145        24       640    0.7131     0.825     0.739    0.4648   0.02855  0.006535  0.002979
   158/299        0G   0.03022    0.0141 0.0009624   0.04528        26       640    0.6025    0.8239    0.7025    0.4539   0.02812  0.006644  0.002581
   159/299        0G   0.02823   0.01194 0.0009274    0.0411        21       640    0.7211     0.825    0.7575    0.4227   0.02702    0.0063  0.002394
   160/299        0G   0.02982   0.01089  0.001082   0.04179        19       640    0.7022     0.825    0.7062    0.4545   0.02803  0.006213  0.002131
   161/299        0G    0.0288    0.0137 0.0007793   0.04327        37       640    0.6646     0.825     0.689    0.3871   0.03004   0.00618  0.002178
   162/299        0G   0.02717   0.01253 0.0008317   0.04053        21       640    0.6686     0.825    0.6891    0.4024   0.02894   0.00598  0.002402
   163/299        0G   0.02884   0.01358 0.0009259   0.04335        21       640    0.9871       0.7    0.7792    0.4093   0.02979  0.006056  0.002494
   164/299        0G   0.02907    0.0116  0.001187   0.04186        24       640    0.9776     0.825    0.8372    0.4874    0.0279  0.005803   0.00257
   165/299        0G   0.02681   0.01264  0.001003   0.04045        37       640    0.8159       0.7    0.6815    0.4552   0.02845  0.005682  0.002604
   166/299        0G   0.02766   0.01262  0.001016   0.04129        16       640     0.816       0.7    0.7082    0.4318   0.03008  0.005858  0.002483
   167/299        0G   0.02826   0.01163 0.0009292   0.04081        21       640    0.9878       0.7    0.7179    0.4758   0.02796  0.006071  0.002469
   168/299        0G   0.03141   0.01337 0.0006963   0.04549        22       640    0.9862    0.6999    0.7058    0.4506    0.0361  0.006235  0.002511
   169/299        0G    0.0307   0.01173 0.0007106   0.04314        17       640    0.9693       0.7    0.7069    0.4785   0.02846  0.006435  0.002377
   170/299        0G   0.03056   0.01154 0.0007969    0.0429        19       640    0.9935     0.575    0.6548    0.4205   0.02756  0.007149  0.001875
   171/299        0G   0.02685   0.01246  0.000905   0.04022        29       640    0.9874     0.575     0.625    0.4158   0.02587  0.007399  0.001479
   172/299        0G   0.02827    0.0123 0.0007188   0.04129        21       640    0.9997     0.575    0.6281    0.4325   0.02418  0.007272  0.001433
   173/299        0G   0.03081   0.01226 0.0009165   0.04399        20       640    0.7085       0.7    0.6921    0.3726   0.02917  0.007773  0.001135
   174/299        0G   0.03009   0.01345 0.0009123   0.04445        14       640    0.9992     0.575    0.6475    0.4463   0.02621  0.007966   0.00113
   175/299        0G   0.02862   0.01173 0.0007512    0.0411        15       640    0.9975     0.575    0.6837    0.4656   0.02722  0.007363  0.001577
   176/299        0G   0.02712   0.01385 0.0007941   0.04177        33       640    0.9981     0.575    0.6419    0.4794   0.02804  0.007185  0.001525
   177/299        0G   0.02659   0.01093 0.0006962   0.03821        22       640    0.9597     0.575    0.6708    0.4761   0.02952  0.006881  0.001327
   178/299        0G   0.02884   0.01258 0.0007869    0.0422        23       640    0.9445     0.575    0.6874    0.4104    0.0326  0.006879  0.001226
   179/299        0G    0.0288   0.01246   0.00073   0.04199        25       640    0.9962     0.575    0.6202    0.4325   0.02974  0.006998  0.001144
   180/299        0G   0.02759   0.01266 0.0006627   0.04092        21       640    0.9816     0.575    0.6246    0.4145   0.02998  0.007148  0.001182
   181/299        0G   0.02741   0.01214  0.001231   0.04078        27       640    0.9605     0.575     0.623     0.431   0.03183  0.007079  0.001278
   182/299        0G   0.02676   0.01272 0.0007787   0.04025        32       640    0.9794     0.575    0.6209    0.4234   0.03119  0.007225  0.001483
   183/299        0G   0.02588   0.01164 0.0009014   0.03842        24       640    0.9841     0.575    0.6362    0.4283   0.03005  0.007244  0.001558
   184/299        0G   0.02639   0.01274  0.001126   0.04026        20       640    0.9888     0.575    0.6024    0.4364    0.0305  0.006537   0.00215
   185/299        0G   0.02616   0.01131 0.0007126   0.03818        26       640    0.6658       0.7    0.6338    0.4702   0.03043  0.006581  0.002463
   186/299        0G   0.02661    0.0115 0.0006341   0.03874        33       640    0.6799       0.7    0.6337    0.4619   0.03102  0.006765  0.002524
   187/299        0G   0.02651   0.01283 0.0007154   0.04006        28       640    0.7009       0.7    0.6335    0.4607   0.03503  0.006752  0.002639
   188/299        0G   0.02556   0.01172 0.0007559   0.03803        21       640    0.6924    0.6885    0.6336    0.4272    0.0342  0.006833  0.002578
   189/299        0G   0.02407   0.01278 0.0007173   0.03757        21       640    0.9889     0.575    0.6128    0.4395   0.03333  0.006828  0.002693
   190/299        0G   0.02457   0.01034 0.0006904    0.0356        23       640    0.7272     0.575    0.5515    0.3877   0.03778  0.006669   0.00257
   191/299        0G   0.02698   0.01182  0.000729   0.03953        25       640    0.6284     0.575    0.5173    0.4079   0.03175  0.006877  0.002164
   192/299        0G   0.02754   0.01333 0.0007842   0.04165        17       640    0.7066     0.575    0.5411     0.391    0.0344  0.007002  0.002206
   193/299        0G     0.028   0.01141  0.000724   0.04013        26       640    0.7146     0.575    0.5515    0.4226   0.03107  0.007198  0.001993
   194/299        0G   0.02412   0.01088 0.0006269   0.03563        24       640    0.5941       0.7    0.5635    0.4277   0.03094  0.007165  0.001891
   195/299        0G   0.02334   0.01186 0.0006354   0.03583        27       640    0.9818     0.575    0.6257    0.4784   0.02957  0.007166  0.001566
   196/299        0G   0.02565   0.01339 0.0007232   0.03976        18       640    0.9829     0.575    0.6296    0.4878    0.0298   0.00726  0.001404
   197/299        0G   0.02311   0.01118 0.0007065   0.03499        22       640    0.9847     0.575    0.6144    0.4508   0.02962  0.006993  0.001536
   198/299        0G   0.02421    0.0108 0.0007413   0.03576        20       640    0.9764     0.575    0.5825     0.396   0.03118  0.008166  0.001385
   199/299        0G   0.02495   0.01259 0.0008284   0.03837        16       640    0.6916     0.575    0.5241    0.3662   0.03117  0.008354  0.001363
   200/299        0G   0.02351   0.01135 0.0006088   0.03547        22       640     0.571    0.5734    0.4955    0.3703   0.03158  0.008726  0.001336
   201/299        0G    0.0237   0.01152 0.0007158   0.03593        24       640    0.9735     0.575    0.5807    0.4247   0.02953  0.008115  0.001324
   202/299        0G   0.02425   0.01214 0.0009682   0.03736        28       640    0.7234     0.575     0.523    0.3714   0.03006  0.007633   0.00157
   203/299        0G   0.02517   0.01064 0.0007865   0.03659        22       640    0.6346     0.575    0.5044    0.3605   0.02959  0.007502  0.001367
   204/299        0G   0.02474   0.01162 0.0005653   0.03692        32       640    0.6348     0.575    0.5012    0.3616   0.02766  0.007694  0.001249
   205/299        0G   0.02621   0.01268 0.0005681   0.03946        22       640    0.6396     0.575    0.5054    0.3607   0.03002  0.007498  0.001458
   206/299        0G   0.02453   0.01131 0.0004786   0.03631        32       640    0.6331     0.575    0.5149    0.3757   0.02819  0.007378  0.001381
   207/299        0G   0.02312   0.01106 0.0006707   0.03486        28       640    0.7328     0.575    0.5417     0.357   0.02945  0.007244   0.00141
   208/299        0G   0.02518   0.01097 0.0005411   0.03669        25       640     0.738     0.575    0.5416    0.3659    0.0315  0.007074  0.001727
   209/299        0G   0.02347   0.01057 0.0004284   0.03447        17       640    0.5353    0.6996     0.525    0.3778   0.03276  0.006965  0.001793
   210/299        0G   0.02525    0.0118  0.001005   0.03805        22       640     0.629    0.5749     0.533    0.3753   0.03126  0.006954   0.00184
   211/299        0G   0.02484   0.00976 0.0005037   0.03511        22       640    0.7196     0.575    0.5485    0.3821   0.03449  0.006634  0.002288
   212/299        0G   0.02395   0.01056 0.0005054   0.03501        20       640    0.7232     0.575    0.5613    0.3642   0.03521   0.00695  0.002057
   213/299        0G    0.0241   0.01181 0.0006082   0.03652        23       640    0.7237     0.575    0.5617    0.3797   0.03298   0.00672  0.002339
   214/299        0G   0.02397   0.01161 0.0005344   0.03612        35       640    0.6504       0.7    0.6214    0.3691   0.03365  0.006307  0.002505
   215/299        0G   0.02368    0.0111 0.0008557   0.03564        22       640    0.7023       0.7     0.634    0.3749   0.03223     0.006  0.002955
   216/299        0G   0.02227   0.01077 0.0005503   0.03358        23       640    0.7984       0.7    0.6548    0.4311   0.03727   0.00578  0.003034
   217/299        0G   0.02303   0.01074 0.0007175   0.03449        27       640    0.9791       0.7    0.6963    0.5018   0.03441  0.005696  0.002939
   218/299        0G   0.02319   0.01095 0.0005282   0.03466        23       640    0.9809    0.6998    0.6962    0.4855   0.03477  0.005703  0.003043
   219/299        0G   0.02455   0.01142 0.0007438   0.03672        28       640    0.7088       0.7    0.6336     0.466   0.03382  0.006203  0.002806
   220/299        0G    0.0236   0.01014 0.0005217   0.03425        34       640    0.9967     0.575    0.5866    0.3925   0.03595  0.006835  0.002368
   221/299        0G   0.02355   0.01093 0.0005861   0.03507        35       640    0.9967     0.575    0.5917    0.4063   0.03241  0.007185  0.002027
   222/299        0G    0.0239    0.0105 0.0005687   0.03497        26       640    0.9974     0.575    0.5816      0.39   0.03461  0.006862  0.002073
   223/299        0G   0.02286   0.01046  0.000553   0.03387        26       640    0.9969     0.575     0.586     0.394    0.0353  0.006831  0.002035
   224/299        0G   0.02395   0.01107 0.0006819    0.0357        34       640    0.9976     0.575    0.6072    0.4527   0.03383  0.006599  0.001847
   225/299        0G   0.02168   0.01208  0.000518   0.03428        34       640    0.9835    0.5749    0.6404    0.4719   0.03396  0.006603  0.001301
   226/299        0G   0.02065   0.01299 0.0004921   0.03413        32       640    0.7013    0.6987    0.6612    0.5011   0.03043  0.006451  0.001258
   227/299        0G   0.02453   0.01017 0.0008618   0.03556        18       640    0.7044       0.7    0.6562    0.4774   0.03067  0.006512  0.001365
   228/299        0G   0.02292   0.01083 0.0004405   0.03419        21       640    0.9995     0.575    0.6074    0.4304   0.03239  0.007029  0.001622
   229/299        0G   0.02376   0.01068  0.000606   0.03505        22       640    0.9994     0.575    0.5926    0.4362   0.03106  0.007324  0.001652
   230/299        0G   0.02346   0.01152   0.00047   0.03545        21       640    0.9948     0.575    0.5994    0.4261   0.03126  0.007409  0.001669
   231/299        0G   0.02228   0.01193 0.0004744   0.03469        19       640    0.9997     0.575    0.5994    0.4235   0.03129  0.007408  0.001785
   232/299        0G   0.02083  0.009945 0.0005406   0.03132        27       640    0.9997     0.575    0.6072    0.4586   0.03174   0.00714  0.002121
   233/299        0G   0.02171   0.01093 0.0007013   0.03334        34       640    0.9589     0.575    0.6132    0.4768   0.03064  0.006912  0.002732
   234/299        0G     0.023     0.011 0.0005702   0.03457        18       640    0.6562       0.7    0.6215    0.4631   0.03149  0.006415  0.003044
   235/299        0G   0.02159   0.01184  0.000553   0.03399        20       640    0.6551       0.7    0.6272    0.4764   0.03154  0.006439  0.003189
   236/299        0G   0.02231   0.01117 0.0003996   0.03388        19       640    0.6564       0.7    0.6261    0.4698   0.03201  0.006568  0.003107
   237/299        0G   0.02206   0.01146 0.0005238   0.03405        19       640    0.9962     0.575    0.6132    0.4586   0.03237  0.006708  0.002987
   238/299        0G   0.02204   0.01127 0.0004496   0.03376        10       640    0.6539       0.7    0.6214    0.4754    0.0308  0.006342  0.002878
   239/299        0G   0.02093   0.01141 0.0004492    0.0328        35       640    0.7907       0.7    0.6549    0.4747   0.03046  0.006042  0.002849
   240/299        0G   0.02245   0.01004 0.0003538   0.03285        26       640    0.7874       0.7    0.6553    0.4808   0.02902  0.006175  0.002555
   241/299        0G   0.02146   0.01033  0.000363   0.03215        18       640    0.7881       0.7    0.6549    0.4896    0.0295  0.006377  0.002304
   242/299        0G   0.02047  0.009779 0.0004281   0.03068        27       640    0.7887    0.6999     0.655    0.4775    0.0295  0.006444  0.002217
   243/299        0G   0.02187  0.009358 0.0003634   0.03159        15       640    0.7886       0.7    0.6551    0.4912   0.02833  0.006521  0.002063
   244/299        0G   0.02174   0.01152 0.0003634   0.03362        16       640    0.9996     0.575    0.6074    0.4637   0.02829  0.006736  0.001763
   245/299        0G   0.02241   0.01267 0.0003939   0.03548        34       640    0.9976     0.575    0.6167    0.4343   0.02993  0.006766  0.001892
   246/299        0G   0.02216   0.01049 0.0003528     0.033        26       640    0.9923     0.575    0.6135    0.4646   0.02885  0.006685  0.001658
   247/299        0G    0.0204  0.009141 0.0004931   0.03003        23       640    0.9917     0.575    0.6135    0.4592   0.02894    0.0065  0.001747
   248/299        0G   0.02239    0.0109 0.0003947   0.03368        24       640    0.6907    0.6999    0.6344    0.4646   0.02985  0.006412  0.001823
   249/299        0G   0.02101   0.01073 0.0003842   0.03213        19       640    0.7571       0.7    0.6551    0.4831   0.03003  0.006423  0.001876
   250/299        0G   0.02061  0.009799 0.0004165   0.03082        28       640    0.7518       0.7    0.6552      0.51   0.02894  0.006463  0.002042
   251/299        0G   0.02012   0.01104   0.00039   0.03156        24       640    0.7494       0.7    0.6553    0.4768   0.03046  0.006486  0.001954
   252/299        0G   0.02141  0.009891 0.0004709   0.03177        22       640    0.9998    0.5749    0.6221     0.469   0.02918  0.006822  0.001495
   253/299        0G   0.02023   0.01049 0.0003798    0.0311        27       640    0.9996     0.575    0.6345    0.4593   0.03171   0.00663  0.001653
   254/299        0G   0.02054  0.009769 0.0003563   0.03067        24       640     0.999     0.575    0.6346    0.4871   0.03127  0.006545  0.001884
   255/299        0G   0.02003   0.01148 0.0007031   0.03221        41       640    0.6768       0.7    0.6343    0.4857   0.03178  0.006355  0.001998
   256/299        0G   0.01892  0.009748 0.0003684   0.02903        24       640    0.7841       0.7    0.6552    0.4968   0.03085  0.006167  0.002191
   257/299        0G   0.02035   0.01076 0.0003248   0.03144        31       640    0.7907       0.7    0.6555    0.4901   0.03112  0.006037  0.002557
   258/299        0G   0.02197   0.00975 0.0005401   0.03226        16       640    0.7903       0.7    0.6553    0.4885   0.03036  0.006122  0.002705
   259/299        0G   0.01962  0.009978 0.0003317   0.02993        23       640    0.7919       0.7    0.6805    0.4871   0.03086  0.006207  0.002867
   260/299        0G   0.01925   0.01007 0.0003479   0.02966        27       640    0.7864       0.7    0.6789    0.4913    0.0307   0.00628   0.00276
   261/299        0G   0.01916  0.009596 0.0006919   0.02945        27       640    0.7846    0.6999    0.6789    0.4801   0.03112  0.006415  0.002603
   262/299        0G   0.01943    0.0095 0.0004981   0.02943        28       640    0.9974     0.575    0.6438    0.4576   0.03391  0.006894  0.002184
   263/299        0G   0.01832   0.01134 0.0004627   0.03013        31       640    0.6524    0.6995    0.6655    0.4754   0.03284  0.006904  0.002057
   264/299        0G   0.01825   0.01023 0.0004349   0.02891        24       640    0.7482    0.6998    0.6864    0.4776   0.03336   0.00703  0.001622
   265/299        0G   0.02009  0.009801 0.0003594   0.03025        20       640    0.7716       0.7    0.6551     0.502   0.03101  0.007143   0.00127
   266/299        0G   0.01908   0.00978 0.0003378    0.0292        28       640     0.787       0.7    0.6555    0.5031   0.02997  0.006997  0.001305
   267/299        0G   0.01981  0.009826 0.0003534   0.02999        26       640    0.9578    0.6998     0.697    0.5182   0.03021  0.006863  0.001478
   268/299        0G   0.01949  0.009668 0.0003243   0.02949        37       640    0.9607       0.7     0.697     0.533   0.03008  0.006642  0.001701
   269/299        0G   0.01729   0.01038 0.0003296     0.028        39       640    0.9595    0.6998    0.6971    0.5323   0.03032  0.006586  0.001992
   270/299        0G   0.01842  0.009141 0.0002957   0.02786        20       640    0.7061       0.7    0.6816    0.4809   0.03201  0.006644  0.002271
   271/299        0G   0.01897   0.01021 0.0003174    0.0295        33       640    0.7067       0.7    0.6762    0.4794   0.03157  0.006596  0.002342
   272/299        0G    0.0205  0.009659 0.0007318   0.03089        30       640    0.7093       0.7    0.6719    0.4799   0.03266  0.006577  0.002433
   273/299        0G    0.0167   0.00987 0.0003856   0.02695        27       640    0.7075       0.7    0.6687    0.4773   0.03259  0.006625  0.002415
   274/299        0G   0.01821   0.01109 0.0003215   0.02963        30       640    0.7058    0.6998    0.6658    0.4856    0.0326  0.006714  0.002405
   275/299        0G   0.01858   0.01087 0.0003267   0.02977        26       640    0.7054    0.6999    0.6582    0.4844   0.03242  0.006749  0.002295
   276/299        0G   0.01864  0.009527 0.0005471   0.02871        27       640    0.7049       0.7    0.6348    0.4792   0.03276  0.006656  0.002373
   277/299        0G    0.0201   0.00934  0.000347   0.02978        31       640     0.704    0.6999     0.635    0.4823   0.03211  0.006561  0.002395
   278/299        0G   0.02067   0.01081 0.0002847   0.03177        28       640    0.9936     0.575    0.6316    0.4672   0.03281  0.006744  0.002293
   279/299        0G   0.01806  0.009228 0.0003153   0.02761        26       640    0.9962     0.575    0.5975    0.4528   0.03183  0.006962  0.002068
   280/299        0G   0.01986  0.009603 0.0003369   0.02979        25       640    0.9995     0.575    0.5902    0.4489   0.03311  0.007199  0.001761
   281/299        0G   0.01934   0.01079  0.000343   0.03048        32       640    0.6998    0.6992    0.6348    0.5006   0.03119  0.007003  0.001793
   282/299        0G   0.01858  0.009938 0.0003286   0.02885        30       640     0.691    0.6996    0.6348    0.4838   0.03206  0.007068  0.001881
   283/299        0G   0.02148   0.01132 0.0003372   0.03314        39       640    0.6987       0.7    0.6346    0.5009   0.03026  0.007194  0.001827
   284/299        0G   0.01912    0.0104 0.0002889   0.02981        23       640    0.7021    0.6998    0.6349    0.5011   0.02974  0.006739  0.002028
   285/299        0G   0.02008  0.009699 0.0003906   0.03017        23       640    0.7033       0.7    0.6348    0.4828   0.03092  0.006653  0.002085
   286/299        0G   0.01912  0.009918 0.0003538   0.02939        18       640    0.7913    0.6998    0.6632     0.497   0.03103    0.0063  0.002114
   287/299        0G   0.01925  0.009745 0.0003071    0.0293        22       640    0.7959       0.7    0.6555    0.4873   0.03147  0.006362  0.002101
   288/299        0G    0.0183  0.008628 0.0003452   0.02727        29       640    0.7066       0.7    0.6445    0.4579   0.03249  0.006854  0.001825
   289/299        0G   0.01902  0.009945 0.0003866   0.02935        27       640    0.9923     0.575    0.6162     0.405   0.03299  0.007692  0.001626
   290/299        0G   0.01789   0.00837 0.0003029   0.02656        29       640    0.7353     0.575    0.5434     0.371   0.03349  0.008028  0.001555
   291/299        0G   0.01913  0.008721 0.0003191   0.02817        19       640    0.6456     0.575    0.4961    0.3655   0.03274  0.008501  0.001393
   292/299        0G   0.01837  0.008997 0.0004415   0.02781        34       640    0.7296    0.5749    0.5203    0.3812   0.03218  0.008137  0.001499
   293/299        0G   0.01933  0.009725 0.0003604   0.02942        24       640    0.7365     0.575    0.5273    0.3946   0.03181  0.008082  0.001489
   294/299        0G   0.02035   0.01042 0.0003971   0.03116        19       640    0.9918     0.575    0.6032    0.4496   0.03083  0.007976  0.001426
   295/299        0G   0.01954  0.009177 0.0004203   0.02914        14       640     0.994     0.575    0.6222    0.4828   0.03098  0.007606  0.001578
   296/299        0G   0.01974  0.009939 0.0003372   0.03001        28       640    0.6967       0.7    0.6346     0.491   0.03131  0.007017  0.001847
   297/299        0G   0.01909   0.01114 0.0003083   0.03054        21       640    0.7878    0.6999    0.6555    0.5183   0.02993  0.006513  0.002192
   298/299        0G   0.01743  0.008678 0.0003207   0.02643        23       640    0.7903       0.7    0.6556    0.5117   0.03069  0.006424   0.00253
   299/299        0G   0.01805  0.008785 0.0002885   0.02713        33       640    0.7936       0.7    0.6555    0.4811   0.03058  0.006295  0.002804
